276946269;41.08736;-8.287482;-0.1446439;0.7171097
276946270;41.08752;-8.287148;-0.144638;0.7171126
276946272;41.08768;-8.286342;-0.144624;0.7171153
276946273;41.08778;-8.286196;-0.1446214;0.7171171
276946275;41.08835;-8.285826;-0.1446149;0.717127
276946279;41.08949;-8.284684;-0.144595;0.7171468
276947231;41.09;-8.284049;-0.1445839;0.7171559
276947233;41.09136;-8.282101;-0.1445499;0.7171795
276947234;41.09168;-8.281569;-0.1445406;0.7171851
276947235;41.09201;-8.280848;-0.1445281;0.7171909
276947237;41.09274;-8.279011;-0.144496;0.7172036
276947258;41.09498;-8.271604;-0.1443667;0.7172427
276947240;41.09341;-8.277758;-0.1444741;0.7172152
276947241;41.09346;-8.277475;-0.1444692;0.7172161
276947242;41.09345;-8.2772;-0.1444644;0.7172161
276947245;41.09334;-8.276393;-0.1444503;0.7172141
276947246;41.09337;-8.276247;-0.1444478;0.7172146
276947248;41.09354;-8.275878;-0.1444413;0.7172176
276947250;41.09401;-8.275329;-0.1444317;0.7172258
276947251;41.09426;-8.274883;-0.144424;0.7172302
276947252;41.09442;-8.274453;-0.1444165;0.7172329
276947255;41.09465;-8.272822;-0.144388;0.7172369
276947274;41.09626;-8.264763;-0.1442473;0.7172651
276947275;41.09626;-8.264531;-0.1442433;0.7172651
276947276;41.0962;-8.264343;-0.14424;0.717264
276947314;41.09382;-8.255296;-0.1440821;0.7172225
276947324;41.09174;-8.25624;-0.1440986;0.7171861
276947325;41.09158;-8.2563;-0.1440996;0.7171833
276947336;41.08872;-8.2563;-0.1440996;0.7171335
276947338;41.08804;-8.256266;-0.144099;0.7171215
276947339;41.08699;-8.256327;-0.1441001;0.7171032
276947348;41.08536;-8.255991;-0.1440942;0.7170748
276947355;41.08463;-8.25539;-0.1440837;0.717062
276947354;41.08464;-8.255632;-0.144088;0.7170622
276947357;41.0846;-8.254925;-0.1440756;0.7170616
276947342;41.08633;-8.256207;-0.144098;0.7170917
276947344;41.08595;-8.256245;-0.1440987;0.7170851
276947352;41.08492;-8.256;-0.1440944;0.7170672
276947301;41.09534;-8.258228;-0.1441333;0.7172491
276947365;41.08505;-8.252009;-0.1440247;0.7170694
276947363;41.0849;-8.252435;-0.1440322;0.7170667
276947360;41.08482;-8.253764;-0.1440554;0.7170653
276947286;41.09629;-8.262499;-0.1442078;0.7172656
1362321981;41.08816;-8.247612;-0.143948;0.7171236
1362321989;41.0872;-8.248833;-0.1439693;0.7171069
1362322017;41.08996;-8.2468;-0.1439338;0.717155
1362321967;41.0883;-8.247494;-0.1439459;0.7171262
1364686391;41.08467;-8.255786;-0.1440907;0.7170628
1364686447;41.08477;-8.255935;-0.1440932;0.7170644
1364686465;41.08469;-8.255857;-0.1440919;0.7170631
1365121605;41.08461;-8.255036;-0.1440776;0.7170617
1367509126;41.08583;-8.252942;-0.144041;0.7170831
1367509127;41.08595;-8.252827;-0.144039;0.7170851
1367509128;41.08852;-8.249966;-0.1439891;0.7171299
1367509129;41.08982;-8.250108;-0.1439915;0.7171526
1367509132;41.08999;-8.250028;-0.1439901;0.7171556
1367509140;41.08619;-8.25244;-0.1440323;0.7170893
1367509142;41.08852;-8.25021;-0.1439933;0.7171299
1367509143;41.08762;-8.250006;-0.1439898;0.7171143
1367509145;41.08945;-8.250327;-0.1439954;0.7171462
1367509147;41.0886;-8.2503;-0.1439949;0.7171314
1367509151;41.08571;-8.253058;-0.144043;0.717081
1367509152;41.08824;-8.249352;-0.1439784;0.7171251
1367509153;41.08729;-8.250583;-0.1439998;0.7171085
1367509156;41.08487;-8.252954;-0.1440412;0.7170662
1367509157;41.08926;-8.250397;-0.1439966;0.7171428
1367509162;41.08855;-8.249783;-0.1439859;0.7171304
1367509164;41.08578;-8.252945;-0.1440411;0.7170821
1367509166;41.0881;-8.249418;-0.1439795;0.7171227
1367509169;41.08852;-8.249547;-0.1439818;0.7171299
1367509170;41.08588;-8.252905;-0.1440404;0.7170839
1367509174;41.09019;-8.249987;-0.1439894;0.717159
1367509181;41.08776;-8.249797;-0.1439861;0.7171167
1367509184;41.0885;-8.250111;-0.1439916;0.7171296
1367509186;41.08961;-8.250231;-0.1439937;0.717149
1367509187;41.08839;-8.249389;-0.143979;0.7171277
1367509176;41.09027;-8.249977;-0.1439893;0.7171606
1367994787;41.08808;-8.25034;-0.1439956;0.7171223
1367994789;41.08681;-8.252468;-0.1440327;0.7171001
1367994795;41.08697;-8.252476;-0.1440329;0.7171029
1367994799;41.08832;-8.250241;-0.1439939;0.7171265
1367994801;41.08682;-8.252401;-0.1440316;0.7171003
1367994822;41.08815;-8.250475;-0.143998;0.7171236
1367994831;41.08813;-8.250339;-0.1439956;0.7171232
1367994832;41.08837;-8.250173;-0.1439927;0.7171274
1367994834;41.08829;-8.25029;-0.1439947;0.7171259
1367994836;41.08841;-8.250293;-0.1439948;0.7171281
1367994839;41.08818;-8.250436;-0.1439973;0.717124
1367994845;41.08839;-8.250163;-0.1439925;0.7171277
1367994850;41.08817;-8.250365;-0.143996;0.7171238
1367994855;41.08693;-8.252543;-0.1440341;0.7171021
1367994872;41.08688;-8.252562;-0.1440344;0.7171013
1367994874;41.08684;-8.252532;-0.1440338;0.7171006
1367994879;41.08801;-8.250387;-0.1439964;0.7171211
1367989501;41.08664;-8.249661;-0.1439838;0.7170972
1367989504;41.0873;-8.250566;-0.1439995;0.7171087
1367996485;41.0858;-8.25363;-0.144053;0.7170824
1367996486;41.08575;-8.253238;-0.1440462;0.7170815
1367996488;41.08915;-8.25645;-0.1441022;0.717141
1367996489;41.08593;-8.254145;-0.144062;0.7170847
1367996492;41.08604;-8.254354;-0.1440656;0.7170867
1367996500;41.08832;-8.254447;-0.1440673;0.7171265
1367996505;41.0864;-8.254555;-0.1440692;0.7170929
1367996507;41.08584;-8.253901;-0.1440577;0.7170832
1367996508;41.08617;-8.254488;-0.144068;0.7170889
1368000734;41.08546;-8.255236;-0.144081;0.7170767
1368000735;41.08671;-8.256305;-0.1440997;0.7170984
1368000736;41.08519;-8.254919;-0.1440755;0.7170718
1368000740;41.08731;-8.255922;-0.144093;0.7171088
1368000742;41.08553;-8.256038;-0.144095;0.7170777
1368000748;41.08532;-8.255104;-0.1440787;0.717074
1368000749;41.08483;-8.254211;-0.1440632;0.7170656
1368000752;41.08589;-8.256227;-0.1440983;0.717084
1368000757;41.08564;-8.255317;-0.1440825;0.7170798
1368000758;41.08733;-8.256307;-0.1440997;0.7171091
1368000759;41.08601;-8.255419;-0.1440842;0.7170862
1368000760;41.08577;-8.256193;-0.1440978;0.7170819
1368000762;41.08475;-8.254091;-0.1440611;0.7170643
1368000763;41.0873;-8.255465;-0.144085;0.7171086
1368000767;41.08495;-8.254436;-0.1440671;0.7170677
1364686460;41.08484;-8.255974;-0.1440939;0.7170656
1368657122;41.08636;-8.253143;-0.1440445;0.7170923
1368657125;41.08879;-8.253702;-0.1440543;0.7171346
1368657140;41.09115;-8.247949;-0.1439539;0.7171759
1368657145;41.09114;-8.24646;-0.1439279;0.7171757
1368657148;41.091;-8.246907;-0.1439357;0.7171733
1368657152;41.09113;-8.248924;-0.1439709;0.7171755
1368657155;41.0864;-8.253651;-0.1440534;0.717093
1368657165;41.09004;-8.254082;-0.1440609;0.7171565
1368657166;41.0904;-8.250237;-0.1439938;0.7171627
1368657182;41.08926;-8.253785;-0.1440557;0.7171428
1368657186;41.09019;-8.254442;-0.1440672;0.7171592
1368657189;41.09039;-8.249503;-0.143981;0.7171625
1368657196;41.09025;-8.250175;-0.1439927;0.7171602
1368657199;41.09108;-8.24712;-0.1439394;0.7171746
1368657123;41.08936;-8.255281;-0.1440818;0.7171445
1368657124;41.09012;-8.24841;-0.1439619;0.7171578
1368657126;41.09007;-8.251656;-0.1440186;0.7171569
1368657150;41.09037;-8.249416;-0.1439795;0.7171623
1368657161;41.08911;-8.250916;-0.1440056;0.7171402
1368657201;41.09159;-8.245411;-0.1439096;0.7171835
1368657203;41.09016;-8.247952;-0.1439539;0.7171585
1368657205;41.09097;-8.249051;-0.1439731;0.7171727
1368657206;41.09121;-8.247581;-0.1439474;0.7171769
1368657208;41.09017;-8.250998;-0.1440071;0.7171587
1368657210;41.09155;-8.245763;-0.1439157;0.7171828
1368657211;41.08928;-8.250391;-0.1439965;0.7171431
1368657214;41.09023;-8.251543;-0.1440166;0.7171597
1368657215;41.09068;-8.254115;-0.1440615;0.7171676
1368657216;41.09158;-8.24555;-0.143912;0.7171833
1368657217;41.08637;-8.253546;-0.1440516;0.7170925
1368657219;41.09017;-8.248804;-0.1439688;0.7171588
1368657221;41.09171;-8.253404;-0.1440491;0.7171857
1368657222;41.08633;-8.253044;-0.1440428;0.7170917
1368657223;41.08928;-8.250483;-0.1439981;0.7171432
1368657224;41.08598;-8.252776;-0.1440381;0.7170856
1368657225;41.09118;-8.247721;-0.1439499;0.7171764
1368657226;41.09119;-8.248812;-0.1439689;0.7171765
1368657227;41.09053;-8.254189;-0.1440628;0.717165
1368657232;41.09072;-8.251886;-0.1440226;0.7171683
1368657233;41.0915;-8.245969;-0.1439193;0.717182
1368657234;41.08627;-8.25298;-0.1440417;0.7170907
1368657237;41.09016;-8.251213;-0.1440108;0.7171586
1368657238;41.09087;-8.250454;-0.1439976;0.7171709
1368657240;41.08661;-8.253796;-0.1440559;0.7170965
1368657244;41.09057;-8.250327;-0.1439954;0.7171658
1368657245;41.09192;-8.25368;-0.1440539;0.7171893
1368657246;41.09074;-8.250408;-0.1439968;0.7171687
1368657247;41.09074;-8.249209;-0.1439759;0.7171686
1368657248;41.08644;-8.253723;-0.1440547;0.7170938
1368657250;41.09102;-8.246613;-0.1439305;0.7171736
1368657251;41.09166;-8.253179;-0.1440451;0.7171848
1368657252;41.09122;-8.248536;-0.1439641;0.7171772
1368657254;41.09025;-8.25161;-0.1440178;0.7171601
1368657256;41.0902;-8.251481;-0.1440155;0.7171593
1368657257;41.0906;-8.249338;-0.1439781;0.7171662
1368657258;41.09031;-8.251687;-0.1440191;0.7171612
1368657259;41.09116;-8.247844;-0.143952;0.717176
1368657261;41.09047;-8.249421;-0.1439796;0.717164
1368657262;41.08994;-8.254012;-0.1440597;0.7171548
1368657263;41.09106;-8.249008;-0.1439724;0.7171743
1368657264;41.09099;-8.246771;-0.1439333;0.717173
1368657265;41.09201;-8.253806;-0.1440561;0.7171909
1368657267;41.09117;-8.248107;-0.1439566;0.7171763
1368657268;41.08605;-8.252976;-0.1440416;0.7170869
1368657273;41.09121;-8.248362;-0.1439611;0.717177
1368657277;41.0912;-8.247481;-0.1439457;0.7171767
1368657279;41.09002;-8.246907;-0.1439357;0.7171561
1368657282;41.09206;-8.253927;-0.1440582;0.7171918
1368657284;41.09122;-8.248681;-0.1439666;0.7171772
1368657285;41.0865;-8.253768;-0.1440554;0.7170947
1368657289;41.09019;-8.250728;-0.1440024;0.717159
1368657292;41.09034;-8.254318;-0.144065;0.7171618
1368657293;41.09088;-8.249102;-0.143974;0.7171712
1368657295;41.08597;-8.252975;-0.1440416;0.7170855
1368657296;41.09144;-8.246089;-0.1439214;0.717181
1368657297;41.09179;-8.253532;-0.1440513;0.7171869
1368657298;41.08898;-8.25371;-0.1440544;0.717138
2295918356;41.08725;-8.287666;-0.1446471;0.7171078
1508859515;41.08487;-8.252879;-0.1440399;0.7170662
1508859518;41.08498;-8.252202;-0.1440281;0.7170682
1508859548;41.08492;-8.252361;-0.1440309;0.7170671
1510549288;41.09098;-8.254928;-0.1440757;0.7171729
1510549361;41.08656;-8.253783;-0.1440557;0.7170957
1510549447;41.08575;-8.250972;-0.1440066;0.7170817
1510549507;41.08491;-8.252401;-0.1440316;0.7170669
1510549594;41.09081;-8.255009;-0.1440771;0.71717
1510549632;41.08658;-8.254545;-0.144069;0.7170961
1510549444;41.09053;-8.255762;-0.1440902;0.7171651
1510549661;41.09034;-8.255314;-0.1440824;0.7171618
1510549837;41.08884;-8.253704;-0.1440543;0.7171355
1510549711;41.0923;-8.255266;-0.1440816;0.7171959
1510549755;41.0895;-8.255557;-0.1440867;0.717147
1510549826;41.09075;-8.254096;-0.1440611;0.7171689
1367509159;41.08488;-8.252728;-0.1440373;0.7170663
3042982598;41.08911;-8.255373;-0.1440834;0.7171402
3042982599;41.08911;-8.255414;-0.1440842;0.7171402
3042982600;41.08912;-8.255452;-0.1440848;0.7171404
3042982601;41.08912;-8.25533;-0.1440827;0.7171405
3042982602;41.08914;-8.255481;-0.1440853;0.7171408
3042982603;41.08915;-8.255299;-0.1440821;0.7171409
3042982604;41.08917;-8.255497;-0.1440856;0.7171413
3042982605;41.08918;-8.255284;-0.1440819;0.7171414
3042982606;41.0892;-8.255496;-0.1440856;0.7171419
3042982607;41.08921;-8.255288;-0.144082;0.717142
3042982608;41.08923;-8.255479;-0.1440853;0.7171424
3042982609;41.08924;-8.255305;-0.1440823;0.7171425
3042982610;41.08926;-8.255448;-0.1440848;0.7171428
3042982611;41.08927;-8.255372;-0.1440834;0.717143
3042982612;41.08927;-8.255411;-0.1440841;0.717143
3042982615;41.08965;-8.255599;-0.1440874;0.7171497
3042982616;41.0898;-8.255616;-0.1440877;0.7171522
3042982618;41.09022;-8.257022;-0.1441122;0.7171596
3042982619;41.0904;-8.257019;-0.1441122;0.7171628
3042982621;41.0906;-8.255852;-0.1440918;0.7171662
3042982622;41.09067;-8.255876;-0.1440922;0.7171674
3042982628;41.09152;-8.252254;-0.144029;0.7171823
3042982630;41.09164;-8.252999;-0.144042;0.7171845
3042982632;41.09171;-8.25469;-0.1440715;0.7171857
3042984333;41.09172;-8.252256;-0.1440291;0.7171857
3042984334;41.09173;-8.252953;-0.1440412;0.717186
3042984335;41.09173;-8.254822;-0.1440738;0.717186
3042984336;41.09174;-8.254604;-0.14407;0.7171862
3042984337;41.09175;-8.2522;-0.1440281;0.7171864
3042984338;41.09175;-8.254914;-0.1440754;0.7171864
3042984339;41.09178;-8.254977;-0.1440765;0.7171868
3042984340;41.09185;-8.255049;-0.1440778;0.7171882
3042984341;41.09196;-8.252673;-0.1440363;0.71719
3042984343;41.092;-8.250602;-0.1440002;0.7171907
3042984344;41.09203;-8.254165;-0.1440624;0.7171912
3042984345;41.09206;-8.254059;-0.1440605;0.7171918
3042984349;41.09223;-8.254069;-0.1440607;0.7171947
3042984350;41.09232;-8.25211;-0.1440265;0.7171963
3042984351;41.09234;-8.252044;-0.1440253;0.7171966
3042984352;41.09243;-8.255289;-0.144082;0.7171983
3042984353;41.09246;-8.252632;-0.1440356;0.7171987
3042984354;41.09254;-8.252633;-0.1440356;0.7172
3042984358;41.09274;-8.252519;-0.1440336;0.7172037
3042984360;41.09284;-8.255208;-0.1440806;0.7172053
3042984361;41.09292;-8.252465;-0.1440327;0.7172067
3042984362;41.09299;-8.252499;-0.1440333;0.717208
3042984363;41.09313;-8.252604;-0.1440351;0.7172104
3042984364;41.09319;-8.252606;-0.1440352;0.7172114
3042984365;41.09325;-8.252578;-0.1440347;0.7172126
3042984366;41.09329;-8.25496;-0.1440762;0.7172132
3042984378;41.09346;-8.254896;-0.1440751;0.7172162
3042984384;41.0936;-8.255279;-0.1440818;0.7172186
3042984385;41.09362;-8.252291;-0.1440296;0.7172189
3042984404;41.09425;-8.256572;-0.1441044;0.7172299
3042984635;41.09476;-8.269476;-0.1443296;0.7172389
3042984639;41.0948;-8.254803;-0.1440735;0.7172396
3042984653;41.09488;-8.257183;-0.144115;0.7172409
3042984664;41.09493;-8.257353;-0.144118;0.7172418
3042984676;41.09502;-8.271352;-0.1443623;0.7172434
3042984693;41.09538;-8.258362;-0.1441356;0.7172497
3042984694;41.09541;-8.258542;-0.1441388;0.7172501
3042984714;41.09579;-8.263493;-0.1442252;0.7172568
3042984715;41.09583;-8.263687;-0.1442285;0.7172574
3042984730;41.09621;-8.260104;-0.144166;0.7172641
3042984739;41.09637;-8.262313;-0.1442046;0.717267
3042984743;41.09643;-8.262072;-0.1442004;0.717268
1362321977;41.08836;-8.247402;-0.1439443;0.7171272
1362321978;41.08821;-8.247401;-0.1439443;0.7171246
1362321979;41.08834;-8.247461;-0.1439454;0.7171269
1362321982;41.08823;-8.247336;-0.1439432;0.7171248
1362321991;41.08828;-8.247494;-0.1439459;0.7171257
1362321993;41.08833;-8.247313;-0.1439428;0.7171266
1362321994;41.08821;-8.247367;-0.1439437;0.7171246
1362321995;41.08833;-8.247482;-0.1439457;0.7171265
1362321997;41.08828;-8.247298;-0.1439425;0.7171257
1362321998;41.08822;-8.247434;-0.1439449;0.7171247
1362321999;41.08823;-8.247462;-0.1439454;0.7171249
1362322001;41.08835;-8.247339;-0.1439432;0.717127
1362322003;41.08825;-8.247312;-0.1439427;0.7171252
1362322004;41.0883;-8.247298;-0.1439425;0.7171262
1362322016;41.08836;-8.24737;-0.1439438;0.7171271
1362322025;41.08836;-8.247434;-0.1439449;0.7171271
1362322027;41.08825;-8.247483;-0.1439457;0.7171253
1367996484;41.08926;-8.255335;-0.1440828;0.7171428
1367996490;41.08915;-8.25512;-0.144079;0.7171409
1367996491;41.08875;-8.254529;-0.1440687;0.7171339
1367996493;41.08919;-8.256204;-0.1440979;0.7171417
1367996494;41.08861;-8.254455;-0.1440674;0.7171315
1367996503;41.08889;-8.254676;-0.1440713;0.7171364
1368000750;41.08648;-8.255512;-0.1440859;0.7170943
1368000764;41.08631;-8.2555;-0.1440857;0.7170914
1368657163;41.09144;-8.252302;-0.1440298;0.7171809
1368657184;41.08918;-8.251123;-0.1440093;0.7171414
1368657193;41.09159;-8.252538;-0.144034;0.7171836
1368657200;41.09135;-8.254045;-0.1440603;0.7171793
1368657202;41.08925;-8.251196;-0.1440105;0.7171427
1368657204;41.0891;-8.251065;-0.1440082;0.7171401
1368657207;41.09014;-8.247549;-0.1439469;0.7171582
1368657212;41.08909;-8.251006;-0.1440072;0.71714
1368657213;41.09007;-8.24702;-0.1439376;0.7171569
1368657229;41.09113;-8.252089;-0.1440261;0.7171754
1368657231;41.09021;-8.249003;-0.1439723;0.7171595
1368657235;41.08957;-8.251777;-0.1440207;0.7171484
1368657239;41.08929;-8.251302;-0.1440124;0.7171435
1368657242;41.09011;-8.247224;-0.1439412;0.7171578
1368657260;41.09016;-8.247647;-0.1439486;0.7171585
1368657270;41.08981;-8.251677;-0.1440189;0.7171525
1368657271;41.08987;-8.25474;-0.1440724;0.7171535
1368657274;41.09032;-8.249615;-0.1439829;0.7171614
1368657276;41.09155;-8.252416;-0.1440318;0.7171828
1368657281;41.09009;-8.24734;-0.1439432;0.7171574
1368657286;41.08949;-8.251699;-0.1440193;0.7171469
1368657294;41.09009;-8.247405;-0.1439444;0.7171574
1510549208;41.08998;-8.255576;-0.144087;0.7171555
1510549224;41.09161;-8.25482;-0.1440738;0.7171838
276947260;41.095;-8.271071;-0.1443574;0.7172431
276947262;41.09477;-8.269773;-0.1443348;0.717239
276947264;41.0948;-8.269202;-0.1443248;0.7172396
276947265;41.09491;-8.268871;-0.144319;0.7172415
276947268;41.09549;-8.267966;-0.1443032;0.7172515
276947269;41.09562;-8.267615;-0.1442971;0.7172539
276947270;41.09575;-8.267239;-0.1442905;0.7172561
276947272;41.09596;-8.266274;-0.1442737;0.7172598
276947279;41.09588;-8.263853;-0.1442314;0.7172584
276947281;41.09582;-8.263257;-0.144221;0.7172573
276947283;41.09592;-8.263016;-0.1442168;0.7172592
276947287;41.09642;-8.261883;-0.1441971;0.7172679
276947288;41.09635;-8.261353;-0.1441878;0.7172666
276947291;41.09627;-8.260354;-0.1441704;0.7172652
276947292;41.09612;-8.259918;-0.1441628;0.7172626
276947293;41.09599;-8.25981;-0.1441609;0.7172602
276947295;41.09557;-8.25971;-0.1441591;0.7172531
276947296;41.09546;-8.259633;-0.1441578;0.7172511
276947297;41.09538;-8.259478;-0.1441551;0.7172496
276947298;41.09533;-8.2593;-0.144152;0.7172489
276947303;41.09504;-8.257696;-0.144124;0.7172437
276947306;41.09479;-8.256971;-0.1441113;0.7172394
276947307;41.09464;-8.256794;-0.1441082;0.7172367
276947309;41.09435;-8.256675;-0.1441062;0.7172317
276947310;41.09417;-8.256409;-0.1441015;0.7172287
276947312;41.09406;-8.255612;-0.1440876;0.7172266
276947313;41.09397;-8.255426;-0.1440844;0.7172251
276947316;41.09341;-8.255393;-0.1440838;0.7172154
276947318;41.09302;-8.255798;-0.1440909;0.7172084
276947319;41.09274;-8.256042;-0.1440951;0.7172036
276947321;41.09243;-8.256184;-0.1440976;0.7171981
276947329;41.09061;-8.256968;-0.1441113;0.7171664
276947331;41.08994;-8.256913;-0.1441103;0.7171547
3120916742;41.09249;-8.279634;-0.1445069;0.7171992
3120916895;41.08822;-8.285909;-0.1446164;0.7171247