250018286;1543965491;1520839748;
250018287;1543965481;2221983534;
250018287;2221983534;1520839730;
250018288;1520839744;2221983339;
250018288;2221983339;1543965481;
250018650;2522666523;2565440473;
250018650;2565440473;1520839738;
250018289;2522666525;2522666524;
250018289;2522666524;2522666522;
250018289;2522666522;2522666526;
250018289;2522666526;2522666523;
144710500;1498104024;1582338724;
144710500;1582338724;1582338722;
144710500;1582338722;1582338719;
144710500;1582338719;1582338718;
144710500;1582338718;2565571348;
144710500;2565571348;1582338717;
144710500;1582338717;1582338715;
250034939;1498104024;1498104022;
250034939;1498104022;2216196136;
250034939;2216196136;1498104018;
250034939;1498104018;2218852581;
250034939;2218852581;1498104016;
250034939;1498104016;2216195842;
250034939;2216195842;1498104014;
250034939;1498104014;1498104012;
250034939;1498104012;2523532364;
250034939;2523532364;2523532365;
250034939;2523532365;2523532362;
250034939;2523532362;2523540282;
250035778;2565598455;2565598459;
211636064;2216196136;2216195484;
211636064;2216195484;2216196142;
211636064;2216196142;2216195563;
211636064;2216195563;2216195668;
211636064;2216195668;2565598455;
211636064;2565598455;2216195879;
211636064;2216195879;1650134414;
211636055;2216195927;2216196517;
211636055;2216196517;2216196076;
211636055;2216196076;2216195917;
211636055;2216195917;2216195706;
211636055;2216195706;2216196263;
211636055;2216196263;2216196364;
211636055;2216196364;2216195827;
211636055;2216195827;2216195637;
211636055;2216195637;2216195842;
211963836;2218852345;2218852194;
211963836;2218852194;2218852593;
211963836;2218852593;2218852339;
211963836;2218852339;2218852797;
211963862;2218852581;2218852252;
211963862;2218852252;2218852797;
211963862;2218852797;2218852333;
211963862;2218852333;2218852811;
211963862;2218852811;2565612235;
211963862;2565612235;2565612234;
211963862;2565612234;2565612233;
250151809;1543965485;2216198495;
250151809;2216198495;2216196012;
250151809;2216196012;1543965512;
250151809;1543965512;2565446852;
250151809;2565446852;2216196185;
250151809;2216196185;2566477253;
250151809;2566477253;2216195419;
250151809;2216195419;2565453988;
250151809;2565453988;2566481530;
250151809;2566481530;2216195941;
211963859;2218852361;2218852481;
211963859;2218852481;2218852731;
211963859;2218852731;2565612236;
211963859;2565612236;2565612233;
250200735;2566892290;2566892291;
250200430;2523525807;2566890211;
250201428;2523526940;2523526945;
250201428;2523526945;2523526942;
250201428;2523526942;2523526943;
250201428;2523526943;2523526944;
250201428;2523526944;2523526939;
250201428;2523526939;2523526938;
250201437;1650134380;2566898625;
250201437;2566898625;2566898626;
250201437;2566898626;1650134386;
250201439;1650134371;2566898627;
250201439;2566898627;1650134380;
250202782;2523529659;2523529658;
250202782;2523529658;2522687278;
250202783;2523540282;2523532361;
250202783;2523532361;2523532359;
250202783;2523532359;2523531490;
250207699;2566941912;2566941913;
250207699;2566941913;2566941914;
250207699;2566941914;2566941915;
250205654;2216196456;2566926087;
250205656;2566926091;2216196422;
250206717;2566934367;2566934369;
250206947;2566934612;2566934613;
250206947;2566934613;2566934614;
250206947;2566934614;2566934615;
250206947;2566934615;2566934616;
250208286;1498104008;2567029787;
250208286;2567029787;1498104006;
250208286;1498104006;2523528615;
250208286;2523528615;1650134358;
250208286;1650134358;1498104003;
250208286;1498104003;1650134355;
250208286;1650134355;2523528161;
250208286;2523528161;1498104001;
250208286;1498104001;2566945558;
250220058;2567029787;2567029790;
250220058;2567029790;2567030038;
250220058;2567030038;2567029792;
250220154;2567030036;2567030038;
250220154;2567030038;2567030040;
250220154;2567030040;2567030041;
250201430;2523527591;2523527588;
250201430;2523527588;2523527589;
250201430;2523527589;2523528595;
250201430;2523528595;2523527587;
250201430;2523527587;2523527585;
250201430;2523527585;2523527586;
250201430;2523527586;1650134366;
250201430;1650134366;1650134363;
250201430;1650134363;2523528155;
250201430;2523528155;2523528166;
250201430;2523528166;2523528152;
250201430;2523528152;2523528146;
250201430;2523528146;2523528158;
250201430;2523528158;2523528149;
250201430;2523528149;2523528163;
250201430;2523528163;2523528169;
250201430;2523528169;2523528161;
250225707;2523523999;1650134339;
250225707;1650134339;1650134340;
250225707;1650134340;1650134347;
250225707;1650134347;1650134361;
250225707;1650134361;1650134365;
250225707;1650134365;1650134367;
250225707;1650134367;1650134380;
152179133;1582447781;1650134342;
152179133;1650134342;1650134346;
152179133;1650134346;1650134357;
152179133;1650134357;1650134359;
152179133;1650134359;2216196111;
152179133;2216196111;1650134390;
152179133;1650134390;2566913351;
152179133;2566913351;2566913350;
152179133;2566913350;2216195736;
152179133;2216195736;1650134402;
152179133;1650134402;2566913349;
152179133;2566913349;1650134405;
152179133;1650134405;2566913352;
152179133;2566913352;1650134411;
152179133;1650134411;2216195927;
152179133;2216195927;1650134412;
152179133;1650134412;1650134414;
152179133;1650134414;1650134415;
152179133;1650134415;1650134416;
152179133;1650134416;1650134418;
152179133;1650134418;1582338724;
251085057;2522678378;1543965531;
251085057;1543965531;2216198479;
251085057;2216198479;1543965524;
251085057;1543965524;1543965514;
251085057;1543965514;1543965497;
251085057;1543965497;1543965491;
251085060;1543965538;2573728550;
251085060;2573728550;2218852784;
251085060;2218852784;2218852391;
251085060;2218852391;2523541058;
251085060;2523541058;2523541165;
251085060;2523541165;2522655597;
251085060;2522655597;1543965479;
251085060;1543965479;2565612233;
251085067;2566904027;2573728549;
251085067;2573728549;2523530941;
251085071;2566929886;2573728549;
250206236;2566929888;2566929886;
251085069;2523529065;2523529070;
251085069;2523529070;2523529471;
251085069;2523529471;2523527591;
211636116;2216195517;2216195862;
211636116;2216195862;2216195857;
211636116;2216195857;2216195645;
211636116;2216195645;2216195346;
211636116;2216195346;2216196018;
211636116;2216196018;2216196016;
211636116;2216196016;2216196422;
211636116;2216196422;2216196390;
211636116;2216196390;2216195453;
211636116;2216195453;2216195509;
211636116;2216195509;2216195434;
211636116;2216195434;2216195729;
211636116;2216195729;2216195386;
211636116;2216195386;2216196271;
211636116;2216196271;2216195423;
211636116;2216195423;2216195736;
211636141;2216196018;2216196153;
211636141;2216196153;2216196456;
211636141;2216196456;2216196410;
211636141;2216196410;2216196395;
211636141;2216196395;2216196125;
211636141;2216196125;2216196105;
211636060;2216196369;2216196363;
211636060;2216196363;2216195860;
211636060;2216195860;2216195809;
211636060;2216195809;2216195694;
211636060;2216195694;2216195496;
211636060;2216195496;2216196427;
211636060;2216196427;2216196544;
211636060;2216196544;2216195386;
211636092;2216195355;2216195875;
211636092;2216195875;2216195687;
211636092;2216195687;2216195892;
211636092;2216195892;2216195461;
211636092;2216195461;2216196111;
211636462;2216198484;2216198494;
211636462;2216198494;2216198485;
211636464;2216198479;2216198482;
211636464;2216198482;2216198498;
211636464;2216198498;2216198485;
211636464;2216198485;2216198491;
211636464;2216198491;2216198497;
211636464;2216198497;2216198476;
245002145;2522654125;2522653785;
245002145;2522653785;2522654126;
245002145;2522654126;2522654127;
245002145;2522654127;2522654134;
245002145;2522654134;2522654123;
245002145;2522654123;2522654130;
245002145;2522654130;2522654128;
245002145;2522654128;2522654133;
245002145;2522654133;2522654124;
245002145;2522654124;2522654131;
245002145;2522654131;2522654136;
245002145;2522654136;2522654439;
245002145;2522654439;2522654436;
245002145;2522654436;2522654435;
245002145;2522654435;2522654431;
245002145;2522654431;2522654442;
245002145;2522654442;2522654433;
245002145;2522654433;2522654432;
245003217;1543965485;2522666534;
245003217;2522666534;2522666532;
245003217;2522666532;2522666535;
245003217;2522666535;2522666533;
245003217;2522666533;1520839750;
141040916;1520839759;1543965491;
245002345;2522656163;2566884017;
245002345;2566884017;2522656159;
245002345;2522656159;2522656166;
245002345;2522656166;2522656169;
245002345;2522656169;2522655599;
245002345;2522655599;2522656547;
245002345;2522656547;2522655597;
245003215;2522668354;2522668357;
245003215;2522668357;2522668349;
245003215;2522668349;2522668353;
245003215;2522668353;2522668351;
245003215;2522668351;2522668352;
245003215;2522668352;2522668350;
245003215;2522668350;2522668355;
245003215;2522668355;2522668358;
245003215;2522668358;2522668356;
245003215;2522668356;1543965457;
245003215;1543965457;1520839713;
245003215;1520839713;2221983521;
245003215;2221983521;2216198475;
245003215;2216198475;2522666523;
245002463;2522656875;2522656878;
245002463;2522656878;2522656891;
245002463;2522656891;2522656909;
245002463;2522656909;2522656907;
245002463;2522656907;2522656903;
245002463;2522656903;2522656905;
245002463;2522656905;2522656880;
245002463;2522656880;2522656897;
245002463;2522656897;2522656893;
245002463;2522656893;2522656889;
245002463;2522656889;2522656886;
245002463;2522656886;2522656887;
245002463;2522656887;2522656899;
245002463;2522656899;2522656884;
245002463;2522656884;2522656895;
245002463;2522656895;2522656882;
245002463;2522656882;2522656901;
245002463;2522656901;2522656875;
245002463;2522656875;2522656548;
245002463;2522656548;2567042349;
245002463;2567042349;2522656547;
245002070;2522653785;2523541402;
245002070;2523541402;2218852391;
245003288;1543965448;2522668082;
245003288;2522668082;2216196072;
245003288;2216196072;2216195557;
245003288;2216195557;2216195293;
141040910;1520839707;1543965444;
141040910;1543965444;1543965448;
141040910;1543965448;2522668912;
141040910;2522668912;1543965450;
141040910;1543965450;1543965455;
141040910;1543965455;1543965456;
141040910;1543965456;1543965453;
141040910;1543965453;1543965451;
141040910;1543965451;2522668354;
141040910;2522668354;1543965449;
141040910;1543965449;1543965447;
141040910;1543965447;1543965443;
141040910;1543965443;1543965440;
141040910;1543965440;1543965439;
141040910;1543965439;1543965438;
141040910;1543965438;1520839706;
141040910;1520839706;2522662067;
141040910;2522662067;1543965441;
141040910;1543965441;1543965442;
141040910;1543965442;1520839707;
245003355;2522668912;2522668910;
245003355;2522668910;2522668657;
245003355;2522668657;2522668646;
245003355;2522668646;2522668652;
245003355;2522668652;2522668654;
245003355;2522668654;2522668648;
245003355;2522668648;2522668663;
245003355;2522668663;2522668650;
245003355;2522668650;2522668659;
245003355;2522668659;2522668661;
245003355;2522668661;2522668643;
245003355;2522668643;2522668356;
138697049;1520839732;1520839738;
138697049;1520839738;1520839742;
138697049;1520839742;1520839746;
138697049;1520839746;2565440478;
138697049;2565440478;1520839750;
138697049;1520839750;2565440482;
138697049;2565440482;1520839759;
138697049;1520839759;1520839757;
138697049;1520839757;1520839754;
138697049;1520839754;1520839748;
138697049;1520839748;2565440486;
138697049;2565440486;1520839744;
138697049;1520839744;1520839740;
138697049;1520839740;1520839737;
138697049;1520839737;2565440490;
138697049;2565440490;1520839730;
138697049;1520839730;1520839726;
138697049;1520839726;2522666525;
138697049;2522666525;1520839722;
138697049;1520839722;1520839724;
138697049;1520839724;1520839728;
138697049;1520839728;1520839732;
245004789;1520839738;2522677355;
245004789;2522677355;2522677356;
245004789;2522677356;2522677357;
245004789;2522677357;2522677354;
245004789;2522677354;1543965485;
245102560;1543965443;2523511534;
245102560;2523511534;2523511287;
245102560;2523511287;2523511297;
245102560;2523511297;2523511295;
245102560;2523511295;2523511291;
245102560;2523511291;2523511289;
245102560;2523511289;2523511294;
245102560;2523511294;2523511299;
245104172;2523527591;2523527592;
245104172;2523527592;2523527590;
245104172;2523527590;2523527593;
245104172;2523527593;2523527594;
245104172;2523527594;1650134376;
245005465;1650134336;2523522872;
245005465;2523522872;2523523692;
245005465;2523523692;1520839690;
245005465;1520839690;1520839696;
245005465;1520839696;2221983493;
245005465;2221983493;2523511299;
245005465;2523511299;1520839704;
245005465;1520839704;1520839706;
245104094;2523526940;2523526989;
245104094;2523526989;2523526990;
245104094;2523526990;2523526992;
245104094;2523526992;2523527255;
245104094;2523527255;2523527256;
152179135;1650134383;1650134386;
152179135;1650134386;1650134392;
152179135;1650134392;1650134396;
152179135;1650134396;2566898623;
152179135;2566898623;1650134398;
152179135;1650134398;1650134399;
152179135;1650134399;1650134400;
152179135;1650134400;1650134397;
152179135;1650134397;2523527256;
152179135;2523527256;1650134395;
152179135;1650134395;1650134387;
152179135;1650134387;1650134385;
152179135;1650134385;1650134382;
152179135;1650134382;1650134379;
152179135;1650134379;2566898622;
152179135;2566898622;1650134376;
152179135;1650134376;1650134371;
152179135;1650134371;1650134378;
152179135;1650134378;2566898624;
152179135;2566898624;1650134383;
152179139;1650134398;1650134404;
152179139;1650134404;2523526941;
152179139;2523526941;2523526946;
152179139;2523526946;2523526940;
245103931;1543965468;2523526938;
245103931;2523526938;2522654432;
245103931;2522654432;1543965473;
245103931;1543965473;2582017738;
245103931;2582017738;1543965474;
245103931;1543965474;2216198476;
245103931;2216198476;1543965481;
245104944;2522687278;2523539731;
245104944;2523539731;2523539735;
245104944;2523539735;2523539732;
245104944;2523539732;2523539819;
245104448;1650134387;2523529071;
245104448;2523529071;2523529065;
245104355;1650134365;2523528561;
245104355;2523528561;2523528559;
245104355;2523528559;2523528562;
245104355;2523528562;2523528560;
245104355;2523528560;1650134362;
245104355;1650134362;1650134363;
245103876;2523530946;2523525642;
245103876;2523525642;2523525648;
245103876;2523525648;2523525643;
245103876;2523525643;2523525644;
245103876;2523525644;2523525646;
245103876;2523525646;2523525647;
245103876;2523525647;2523525645;
245103876;2523525645;2523525649;
245103876;2523525649;1543965462;
245103876;1543965462;1543965461;
245103876;1543965461;1650134407;
245103876;1650134407;1543965460;
245103876;1543965460;2523525801;
245103876;2523525801;2523525807;
245103876;2523525807;2523525811;
245103876;2523525811;2523525803;
245103876;2523525803;2523525809;
245103876;2523525809;2523525805;
245103876;2523525805;2523525813;
245103876;2523525813;1543965468;
245104362;2523528615;2523528621;
245104362;2523528621;2523528619;
245104362;2523528619;2523528616;
245104362;2523528616;2523528618;
245104362;2523528618;2523528620;
245104362;2523528620;2523528617;
245104362;2523528617;2523528593;
245104362;2523528593;2523528594;
245104362;2523528594;2523528592;
245104362;2523528592;2523528591;
245104362;2523528591;2523528595;
245104446;1650134407;1650134406;
245104446;1650134406;1650134403;
245104446;1650134403;2523529062;
245104446;2523529062;2523529063;
245104446;2523529063;2566892290;
245104446;2566892290;2523529064;
245104446;2523529064;2566898621;
245104446;2566898621;2523529061;
245104446;2523529061;2523529065;
245104446;2523529065;1650134382;
245104610;2523530950;2523530953;
245104610;2523530953;2523530957;
245104610;2523530957;2523530941;
245104610;2523530941;2523530949;
245104610;2523530949;2523530946;
245104610;2523530946;2523530940;
245104610;2523530940;2523530943;
245104610;2523530943;2523530960;
245104610;2523530960;2523530955;
245104610;2523530955;2523529659;
245104610;2523529659;2523530947;
245104610;2523530947;2523530958;
245104610;2523530958;2523530961;
245104610;2523530961;2523539819;
245104610;2523539819;2523530965;
245104610;2523530965;2523530938;
245104610;2523530938;2523540021;
245104610;2523540021;2523530944;
245104610;2523530944;2523530952;
245104610;2523530952;2523531485;
245104610;2523531485;2523531490;
245104610;2523531490;2523531481;
245104610;2523531481;2566926088;
245104610;2566926088;2523531487;
245104610;2523531487;2523531493;
245104610;2523531493;2523530950;
245104997;2523541058;2523541061;
245104997;2523541061;2523540737;
245104997;2523540737;2523540739;
245104997;2523540739;2523541165;
245105154;2523541402;2523541368;
245105154;2523541368;2523541375;
245105154;2523541375;2523541373;
245105154;2523541373;2523541372;
245105154;2523541372;2523541369;
245105154;2523541369;2523541367;
245105154;2523541367;2523541366;
245105154;2523541366;2523541371;
245105154;2523541371;2523541374;
245105154;2523541374;2523541364;
245105154;2523541364;2523541378;
245105154;2523541378;2523541363;
245105154;2523541363;2523541370;
245105154;2523541370;2523541365;
245105154;2523541365;2523541376;
245105154;2523541376;2523541377;
245105154;2523541377;2523541375;
245104949;2523540021;2523540020;
245104949;2523540020;2523540023;
245104949;2523540023;2523540024;
245104949;2523540024;2523540282;
245104622;2523531493;2523535888;
245104622;2523535888;2566929886;
251085061;2566929886;1498104010;
251085061;1498104010;2566904027;
251085062;2566904027;2566904025;
251085062;2566904025;2216195517;
251085062;2216195517;2566934367;
251085062;2566934367;2566934612;
251085062;2566934612;2566941912;
251085062;2566941912;1498104008;
250039958;2565612233;2565612237;
250039958;2565612237;2523537256;
250039958;2523537256;1543965471;
250039958;1543965471;1543965467;
250039958;1543965467;2522687278;
138702778;1498104008;2567029785;
138702778;2567029785;1520883729;
138702778;1520883729;2216195970;
138702778;2216195970;1650134343;
138702778;1650134343;1520883727;
138702778;1520883727;1520883725;
138702778;1520883725;3597350054;
138702778;3597350054;2218852552;
138702778;2218852552;1520883723;
138702778;1520883723;1520883721;
138702778;1520883721;2567068322;
138702778;2567068322;1520883719;
138702778;1520883719;2218852575;
138702778;2218852575;1520883716;
138702778;1520883716;1520883694;
138702778;1520883694;1520883673;
138702778;1520883673;1520883665;
250027595;1498104150;2565549723;
250027595;2565549723;2565549724;
250027595;2565549724;2565549725;
250027595;2565549725;2216196541;
250027595;2216196541;1498104118;
250027595;1498104118;1498104088;
250027595;1498104088;2221934604;
250027595;2221934604;1498104065;
250027595;1498104065;2221934864;
250027595;2221934864;2565555328;
250027595;2565555328;3597350061;
250027595;3597350061;2221934751;
250027595;2221934751;2565556623;
250027595;2565556623;1498104024;
211636465;2216198475;2216198483;
211636465;2216198483;2216198480;
211636465;2216198480;2216198487;
211636465;2216198487;2216198489;
211636465;2216198489;2522676542;
211636062;1543965441;2216196089;
211636062;2216196089;2216195293;
211636062;2216195293;2216196345;
211636062;2216196345;2216196166;
211636062;2216196166;2216195753;
