2565440473;40.74995;-8.646729;-0.1509139;0.7112208
2565446852;40.75071;-8.643901;-0.1508645;0.7112341
1520839730;40.75001;-8.646951;-0.1509178;0.7112219
1520839742;40.75011;-8.646699;-0.1509134;0.7112236
1520839746;40.75015;-8.646708;-0.1509135;0.7112243
2565440478;40.75018;-8.646734;-0.150914;0.7112249
1520839750;40.75021;-8.646773;-0.1509147;0.7112253
2565440482;40.75022;-8.646802;-0.1509152;0.7112255
1520839759;40.75023;-8.646833;-0.1509157;0.7112256
1520839757;40.75022;-8.646886;-0.1509166;0.7112255
1520839754;40.75021;-8.646935;-0.1509175;0.7112253
1520839748;40.75018;-8.646975;-0.1509182;0.7112249
2565440486;40.75016;-8.646994;-0.1509185;0.7112246
1520839744;40.75014;-8.647006;-0.1509187;0.7112241
1520839740;40.75011;-8.647014;-0.1509189;0.7112235
1520839737;40.75007;-8.647006;-0.1509187;0.7112229
2565440490;40.75004;-8.646985;-0.1509184;0.7112224
1520839726;40.75;-8.646929;-0.1509174;0.7112217
2522666525;40.74999;-8.646905;-0.150917;0.7112215
1520839722;40.74998;-8.646858;-0.1509161;0.7112214
1520839724;40.74999;-8.646811;-0.1509153;0.7112215
1520839728;40.75001;-8.646769;-0.1509146;0.7112218
1520839732;40.75003;-8.646733;-0.150914;0.7112222
2565453988;40.74994;-8.640586;-0.1508067;0.7112207
2565549723;40.75629;-8.66041;-0.1511527;0.7113315
2565549724;40.75626;-8.660183;-0.1511487;0.7113308
2565549725;40.75622;-8.659993;-0.1511454;0.7113302
2565555328;40.75184;-8.656151;-0.1510783;0.7112538
2565571348;40.74963;-8.657074;-0.1510945;0.7112153
1582338722;40.75006;-8.655975;-0.1510753;0.7112226
1582338718;40.74968;-8.656662;-0.1510873;0.7112162
1498104024;40.75034;-8.654981;-0.1510579;0.7112276
2565598455;40.7492;-8.654053;-0.1510417;0.7112076
2565598459;40.74924;-8.653457;-0.1510313;0.7112085
2565612233;40.74998;-8.652006;-0.151006;0.7112213
2565612234;40.74993;-8.652112;-0.1510078;0.7112204
2565612235;40.74992;-8.652167;-0.1510088;0.7112202
2565612236;40.75003;-8.652084;-0.1510074;0.7112222
2565612237;40.74994;-8.65188;-0.1510038;0.7112206
2566481530;40.74991;-8.640494;-0.1508051;0.7112201
2566477253;40.7505;-8.64196;-0.1508307;0.7112303
2566884017;40.74978;-8.650945;-0.1509875;0.7112179
2566890211;40.74863;-8.6501;-0.1509727;0.7111977
2566892290;40.74771;-8.649822;-0.1509679;0.7111816
2566892291;40.7475;-8.650265;-0.1509756;0.711178
2566898621;40.74762;-8.649585;-0.1509637;0.7111802
2566898622;40.74749;-8.649284;-0.1509585;0.7111779
2566898623;40.74769;-8.64909;-0.1509551;0.7111813
2566898624;40.74751;-8.649092;-0.1509551;0.7111782
2566898625;40.74748;-8.649024;-0.1509539;0.7111777
2566898626;40.74753;-8.649037;-0.1509542;0.7111785
2566898627;40.74744;-8.649081;-0.1509549;0.7111769
2523529061;40.74758;-8.649485;-0.150962;0.7111794
1650134398;40.74771;-8.649133;-0.1509558;0.7111817
1650134399;40.74772;-8.649187;-0.1509568;0.7111819
1650134400;40.74772;-8.649244;-0.1509578;0.7111819
1650134397;40.7477;-8.649297;-0.1509587;0.7111816
1650134395;40.74764;-8.649363;-0.1509598;0.7111804
1650134387;40.7476;-8.649371;-0.15096;0.7111798
1650134385;40.74756;-8.649364;-0.1509599;0.7111791
1650134382;40.74753;-8.649343;-0.1509595;0.7111785
1650134379;40.74751;-8.649317;-0.1509591;0.7111781
1650134376;40.74748;-8.649247;-0.1509578;0.7111776
1650134371;40.74747;-8.649192;-0.1509569;0.7111776
1650134378;40.74749;-8.649137;-0.1509559;0.7111778
1650134380;40.74738;-8.648989;-0.1509533;0.7111759
1650134383;40.74754;-8.64906;-0.1509546;0.7111787
1650134386;40.74758;-8.649043;-0.1509543;0.7111794
1650134392;40.74762;-8.649043;-0.1509543;0.7111802
1650134396;40.74765;-8.649059;-0.1509546;0.7111807
2566904025;40.74804;-8.651651;-0.1509998;0.7111874
2566904027;40.74811;-8.651661;-0.151;0.7111887
2523530947;40.7487;-8.651689;-0.1510005;0.7111989
2566913349;40.74782;-8.653705;-0.1510356;0.7111837
2566913350;40.74771;-8.653401;-0.1510303;0.7111816
2566913351;40.74768;-8.653348;-0.1510294;0.7111811
2566913352;40.74802;-8.653861;-0.1510384;0.7111871
2566926087;40.7477;-8.651937;-0.1510048;0.7111816
2566926088;40.74833;-8.651804;-0.1510025;0.7111924
2566926091;40.74823;-8.652364;-0.1510122;0.7111907
2566929886;40.74818;-8.651693;-0.1510005;0.71119
2566929888;40.74805;-8.652132;-0.1510082;0.7111877
2566934367;40.7476;-8.651567;-0.1509983;0.7111798
2566934369;40.7475;-8.652199;-0.1510094;0.711178
2566934612;40.74731;-8.651505;-0.1509972;0.7111748
2566934613;40.74726;-8.651742;-0.1510014;0.711174
2566934614;40.74722;-8.65184;-0.1510031;0.7111731
2566934615;40.7472;-8.651932;-0.1510047;0.7111728
2566934616;40.74718;-8.652094;-0.1510075;0.7111725
2566941912;40.74729;-8.6515;-0.1509972;0.7111744
2566941913;40.74738;-8.651185;-0.1509917;0.7111759
2566941914;40.74742;-8.651097;-0.1509901;0.7111766
2566941915;40.74752;-8.651165;-0.1509913;0.7111783
2566945558;40.74558;-8.650138;-0.1509734;0.7111446
2567042349;40.75022;-8.650657;-0.1509824;0.7112255
2567029785;40.74667;-8.651532;-0.1509977;0.7111635
2567029787;40.74672;-8.651099;-0.1509902;0.7111644
2567029790;40.74683;-8.650873;-0.1509862;0.7111663
2567029792;40.74694;-8.650617;-0.1509817;0.7111683
2567030036;40.74682;-8.650698;-0.1509832;0.7111662
2567030038;40.74689;-8.650743;-0.150984;0.7111673
2567030040;40.74703;-8.650826;-0.1509854;0.7111698
2567030041;40.7471;-8.650857;-0.1509859;0.7111711
2567068322;40.74362;-8.652539;-0.1510153;0.7111103
2523523999;40.74458;-8.646933;-0.1509174;0.711127
1498104001;40.74583;-8.650261;-0.1509755;0.7111489
1498104006;40.74669;-8.651062;-0.1509895;0.7111639
1498104008;40.74693;-8.651421;-0.1509958;0.711168
1498104118;40.75507;-8.657975;-0.1511102;0.7113101
1498104022;40.75;-8.654421;-0.1510481;0.7112217
1498104010;40.74817;-8.651683;-0.1510004;0.7111896
1498104065;40.75311;-8.656786;-0.1510894;0.7112759
1498104088;40.7539;-8.657384;-0.1510999;0.7112898
1498104018;40.74969;-8.653611;-0.151034;0.7112163
1498104016;40.74957;-8.653172;-0.1510264;0.7112141
1498104014;40.74901;-8.652581;-0.151016;0.7112043
1498104150;40.75642;-8.660713;-0.151158;0.7113338
1520839690;40.74472;-8.646583;-0.1509113;0.7111295
1520839696;40.74527;-8.646547;-0.1509107;0.7111392
1520839704;40.74651;-8.646298;-0.1509064;0.7111608
1520883665;40.74053;-8.651885;-0.1510039;0.7110564
1520883673;40.74076;-8.652211;-0.1510096;0.7110604
1520883694;40.74088;-8.652291;-0.151011;0.7110626
1520883716;40.74152;-8.652446;-0.1510137;0.7110736
1520883721;40.7438;-8.652534;-0.1510152;0.7111135
1520883719;40.7428;-8.652557;-0.1510156;0.711096
1520883723;40.74423;-8.652607;-0.1510165;0.711121
1520883725;40.74538;-8.652373;-0.1510124;0.711141
1520883727;40.74572;-8.651842;-0.1510031;0.711147
1520883729;40.74642;-8.651587;-0.1509987;0.7111592
1543965461;40.74802;-8.650526;-0.1509802;0.7111871
1543965460;40.74803;-8.650372;-0.1509775;0.7111873
1543965462;40.74804;-8.650658;-0.1509825;0.7111874
1543965468;40.74836;-8.649218;-0.1509573;0.711193
1543965473;40.7495;-8.6486;-0.1509465;0.7112129
1543965474;40.74972;-8.648376;-0.1509426;0.7112167
1543965481;40.75003;-8.647223;-0.1509225;0.7112221
1543965491;40.7504;-8.647;-0.1509186;0.7112287
1543965497;40.75054;-8.647083;-0.1509201;0.7112311
1543965538;40.75149;-8.648159;-0.1509389;0.7112476
1582338715;40.74937;-8.657911;-0.1511091;0.7112107
1582338717;40.74955;-8.657466;-0.1511013;0.7112138
1582338719;40.74974;-8.656446;-0.1510835;0.7112172
1582338724;40.75019;-8.655497;-0.1510669;0.7112249
1582447781;40.74528;-8.653147;-0.1510259;0.7111393
1650134355;40.74594;-8.650394;-0.1509779;0.7111508
1650134340;40.74529;-8.647461;-0.1509267;0.7111395
1650134342;40.74573;-8.653299;-0.1510286;0.7111472
1650134343;40.74583;-8.651745;-0.1510014;0.7111489
1650134346;40.74585;-8.653293;-0.1510285;0.7111492
1650134347;40.74585;-8.647865;-0.1509337;0.7111493
1650134357;40.74617;-8.652943;-0.1510223;0.7111548
1650134358;40.74621;-8.650716;-0.1509835;0.7111555
1650134359;40.74634;-8.652864;-0.151021;0.7111577
1650134361;40.74645;-8.648311;-0.1509415;0.7111597
1650134336;40.7443;-8.646526;-0.1509103;0.7111223
1650134365;40.7467;-8.648493;-0.1509447;0.7111641
1650134367;40.74706;-8.648747;-0.1509491;0.7111704
1650134390;40.74765;-8.653321;-0.1510289;0.7111806
1650134402;40.74779;-8.653636;-0.1510344;0.7111831
1650134405;40.74792;-8.653801;-0.1510373;0.7111854
1650134407;40.74802;-8.650443;-0.1509787;0.7111871
1650134411;40.74812;-8.653881;-0.1510387;0.7111889
1650134412;40.74879;-8.653962;-0.1510401;0.7112005
1650134414;40.74898;-8.654064;-0.1510419;0.7112039
1650134415;40.74912;-8.654239;-0.151045;0.7112063
1650134416;40.74939;-8.654959;-0.1510575;0.711211
1650134418;40.7496;-8.65518;-0.1510614;0.7112147
1498104003;40.74598;-8.650479;-0.1509793;0.7111515
2573728549;40.7482;-8.651634;-0.1509995;0.7111903
2573728550;40.7514;-8.648376;-0.1509426;0.7112462
1520839738;40.75006;-8.646706;-0.1509135;0.7112228
1543965531;40.75124;-8.647515;-0.1509276;0.7112433
2582017738;40.74964;-8.648483;-0.1509445;0.7112153
2216195346;40.74781;-8.652098;-0.1510076;0.7111834
2216195355;40.74636;-8.653509;-0.1510322;0.7111582
2216195423;40.74775;-8.653393;-0.1510302;0.7111824
2216195419;40.75042;-8.641726;-0.1508266;0.711229
2216195434;40.74781;-8.652884;-0.1510213;0.7111835
2216195453;40.74788;-8.652503;-0.1510147;0.7111847
2216195386;40.74779;-8.653135;-0.1510257;0.7111831
2216195461;40.74656;-8.653069;-0.1510245;0.7111616
2216195484;40.74974;-8.653807;-0.1510374;0.7112171
2216195509;40.74784;-8.652713;-0.1510183;0.711184
2216195496;40.74804;-8.653155;-0.1510261;0.7111874
2216195517;40.74789;-8.65163;-0.1509994;0.7111849
2216195563;40.74947;-8.65394;-0.1510397;0.7112125
2216195557;40.74701;-8.645823;-0.1508981;0.7111695
2216195637;40.74921;-8.65307;-0.1510246;0.7112079
2216195645;40.74783;-8.651942;-0.1510049;0.7111837
2216195668;40.74929;-8.654027;-0.1510413;0.7112092
2216195687;40.74648;-8.653255;-0.1510278;0.7111602
2216195729;40.74779;-8.653114;-0.1510253;0.7111831
2216195694;40.74813;-8.653155;-0.1510261;0.711189
2216195706;40.74868;-8.653415;-0.1510306;0.7111986
2216195736;40.74774;-8.653522;-0.1510324;0.7111822
2216195809;40.74817;-8.653182;-0.1510265;0.7111897
2216195827;40.74911;-8.653217;-0.1510271;0.7112061
2216195842;40.74931;-8.652904;-0.1510217;0.7112096
2216195860;40.7482;-8.653216;-0.1510271;0.7111902
2216195862;40.74787;-8.651717;-0.1510009;0.7111845
2216195875;40.74641;-8.653369;-0.1510298;0.711159
2216195879;40.74911;-8.654075;-0.1510421;0.7112062
2216195892;40.74652;-8.653195;-0.1510268;0.711161
2216195857;40.74784;-8.651833;-0.151003;0.711184
2216195917;40.74864;-8.653506;-0.1510322;0.7111979
2216195927;40.74865;-8.653945;-0.1510398;0.7111981
2216195941;40.74973;-8.639972;-0.150796;0.7112169
2216195970;40.74619;-8.651649;-0.1509998;0.7111552
2216196018;40.7478;-8.652181;-0.151009;0.7111832
2216196016;40.74787;-8.652244;-0.1510101;0.7111844
2216196012;40.75049;-8.645455;-0.1508917;0.7112303
2216196111;40.74659;-8.652932;-0.1510222;0.7111622
2216196076;40.74864;-8.653715;-0.1510358;0.711198
2216196105;40.74757;-8.652365;-0.1510123;0.7111793
2216196142;40.74961;-8.653871;-0.1510385;0.7112148
2216196153;40.74777;-8.652182;-0.1510091;0.7111827
2216196166;40.74715;-8.645232;-0.1508878;0.711172
2216196125;40.74759;-8.652234;-0.15101;0.7111796
2216196263;40.74886;-8.653385;-0.1510301;0.7112017
2216196136;40.74974;-8.653813;-0.1510375;0.7112172
2216196271;40.74777;-8.653273;-0.1510281;0.7111827
2216196363;40.74825;-8.653256;-0.1510278;0.7111912
2216196364;40.74903;-8.653326;-0.151029;0.7112048
2216196369;40.74831;-8.653265;-0.151028;0.7111922
2216196390;40.74792;-8.652333;-0.1510117;0.7111855
2216196395;40.74762;-8.652229;-0.1510099;0.7111802
2216196427;40.74792;-8.653147;-0.1510259;0.7111854
2216196541;40.75526;-8.658207;-0.1511142;0.7113134
2216196410;40.74767;-8.652204;-0.1510094;0.711181
2216196456;40.74773;-8.652181;-0.151009;0.711182
2216196422;40.74793;-8.652276;-0.1510107;0.7111855
2216196517;40.74865;-8.653898;-0.151039;0.711198
2216196544;40.74782;-8.653136;-0.1510257;0.7111837
2216198482;40.7511;-8.647534;-0.1509279;0.7112408
2216198476;40.74999;-8.64736;-0.1509249;0.7112215
2216198480;40.7492;-8.646;-0.1509012;0.7112076
2216198487;40.74925;-8.645738;-0.1508966;0.7112086
2216198484;40.75047;-8.648214;-0.1509398;0.7112298
2216198485;40.75066;-8.647871;-0.1509338;0.7112332
2216198491;40.7505;-8.647775;-0.1509321;0.7112304
2216198494;40.75055;-8.647967;-0.1509355;0.7112312
2216198495;40.75047;-8.645552;-0.1508933;0.7112299
2216198497;40.75014;-8.647495;-0.1509273;0.7112242
2216198498;40.75086;-8.647801;-0.1509326;0.7112367
2216198479;40.75117;-8.647464;-0.1509267;0.7112421
2218852194;40.75026;-8.652946;-0.1510224;0.7112262
2218852252;40.74964;-8.653163;-0.1510262;0.7112153
2218852333;40.74986;-8.652505;-0.1510147;0.7112191
2218852345;40.75042;-8.653072;-0.1510246;0.7112291
2218852361;40.75148;-8.65231;-0.1510113;0.7112476
2218852339;40.74992;-8.652669;-0.1510176;0.7112203
2218852481;40.75099;-8.652225;-0.1510098;0.7112389
2218852552;40.74474;-8.652504;-0.1510147;0.7111298
2218852575;40.74188;-8.652478;-0.1510142;0.71108
2218852731;40.75048;-8.652163;-0.1510087;0.71123
2218852784;40.75111;-8.649108;-0.1509554;0.7112411
2218852811;40.74989;-8.652236;-0.15101;0.7112198
2221934604;40.75323;-8.656879;-0.1510911;0.7112781
2221934864;40.7523;-8.656366;-0.1510821;0.7112619
2221983493;40.74628;-8.646345;-0.1509072;0.7111567
2522655597;40.75038;-8.650964;-0.1509878;0.7112283
2522655599;40.75005;-8.650757;-0.1509842;0.7112225
1543965479;40.75002;-8.651866;-0.1510036;0.711222
2522653785;40.75006;-8.649341;-0.1509595;0.7112227
2218852391;40.75082;-8.649863;-0.1509686;0.7112361
2522654123;40.75032;-8.648574;-0.1509461;0.7112272
2522654124;40.74989;-8.648643;-0.1509473;0.7112198
2522654125;40.74985;-8.649839;-0.1509682;0.7112191
2522654126;40.75033;-8.648713;-0.1509485;0.7112274
2522654127;40.75034;-8.64866;-0.1509476;0.7112275
2522654128;40.75025;-8.648552;-0.1509457;0.711226
2522654130;40.75029;-8.648552;-0.1509457;0.7112267
2522654131;40.74987;-8.648686;-0.150948;0.7112193
2522654133;40.74995;-8.648616;-0.1509468;0.7112207
2522654134;40.75033;-8.648611;-0.1509467;0.7112275
2522654431;40.74944;-8.649567;-0.1509634;0.7112118
2522654432;40.749;-8.648867;-0.1509512;0.7112043
2522654433;40.74935;-8.64949;-0.1509621;0.7112104
2522654435;40.74948;-8.64957;-0.1509635;0.7112126
2522654436;40.74951;-8.649561;-0.1509633;0.7112131
2522654439;40.74955;-8.649528;-0.1509627;0.7112138
2522654442;40.74939;-8.649539;-0.1509629;0.711211
2522654136;40.74959;-8.649444;-0.1509613;0.7112145
2522656875;40.75033;-8.650364;-0.1509773;0.7112275
2522656878;40.75032;-8.650336;-0.1509769;0.7112272
2522656880;40.75011;-8.649877;-0.1509688;0.7112237
2522656882;40.75047;-8.650027;-0.1509715;0.7112299
2522656884;40.75046;-8.649968;-0.1509704;0.7112297
2522656886;40.75021;-8.649795;-0.1509674;0.7112253
2522656887;40.75023;-8.649798;-0.1509675;0.7112257
2522656889;40.75019;-8.649795;-0.1509674;0.7112249
2522656891;40.75031;-8.650309;-0.1509764;0.711227
2522656893;40.75016;-8.649805;-0.1509676;0.7112246
2522656895;40.75047;-8.649998;-0.1509709;0.7112299
2522656897;40.75014;-8.649829;-0.150968;0.7112241
2522656899;40.75045;-8.649944;-0.15097;0.7112294
2522656901;40.75046;-8.650057;-0.150972;0.7112297
2522656903;40.75011;-8.64995;-0.1509701;0.7112236
2522656905;40.75011;-8.649911;-0.1509694;0.7112235
2522656907;40.75013;-8.649996;-0.1509709;0.711224
2522656909;40.75028;-8.650255;-0.1509754;0.7112265
2522656159;40.74998;-8.650746;-0.150984;0.7112214
2522656163;40.74965;-8.651082;-0.1509899;0.7112155
2522656166;40.75001;-8.650743;-0.150984;0.7112218
2522656169;40.75003;-8.650749;-0.1509841;0.7112222
2522656547;40.75016;-8.650823;-0.1509853;0.7112244
2522656548;40.75032;-8.650384;-0.1509777;0.7112274
2216195753;40.74774;-8.643325;-0.1508545;0.7111822
2216196345;40.74709;-8.645472;-0.1508919;0.7111708
1543965524;40.75108;-8.647395;-0.1509255;0.7112405
1543965514;40.75087;-8.647264;-0.1509232;0.7112369
2522662067;40.74687;-8.646143;-0.1509037;0.7111671
1543965442;40.74693;-8.64606;-0.1509022;0.711168
1543965447;40.74701;-8.64642;-0.1509085;0.7111695
1543965444;40.74701;-8.646027;-0.1509016;0.7111695
1520839707;40.74698;-8.646029;-0.1509017;0.711169
1543965441;40.74689;-8.646111;-0.1509031;0.7111673
1543965443;40.74694;-8.646399;-0.1509081;0.7111683
1543965440;40.74689;-8.646353;-0.1509073;0.7111675
1543965439;40.74687;-8.646299;-0.1509064;0.7111671
1543965438;40.74686;-8.646235;-0.1509053;0.7111669
1543965456;40.74716;-8.646235;-0.1509053;0.711172
1543965453;40.74715;-8.646297;-0.1509064;0.7111719
1520839706;40.74686;-8.64621;-0.1509048;0.7111669
1543965450;40.74714;-8.646116;-0.1509032;0.7111717
1543965451;40.74712;-8.646348;-0.1509072;0.7111714
1543965449;40.74707;-8.646399;-0.1509081;0.7111706
1543965455;40.74715;-8.646188;-0.1509044;0.711172
1543965448;40.74709;-8.646055;-0.1509021;0.7111708
2522666522;40.74992;-8.646831;-0.1509157;0.7112202
2522666523;40.74981;-8.646752;-0.1509143;0.7112184
2522666524;40.74996;-8.646868;-0.1509163;0.7112209
2522666526;40.74986;-8.646788;-0.1509149;0.7112193
2216198475;40.7491;-8.646496;-0.1509098;0.711206
2216198483;40.74913;-8.646318;-0.1509067;0.7112066
2522666532;40.75021;-8.646601;-0.1509117;0.7112253
2522666533;40.7502;-8.646734;-0.150914;0.7112252
2522666534;40.75023;-8.646527;-0.1509104;0.7112256
2522666535;40.7502;-8.646679;-0.150913;0.7112252
1543965485;40.75024;-8.646438;-0.1509088;0.7112259
2522668349;40.74731;-8.646262;-0.1509057;0.7111748
2522668350;40.74767;-8.64616;-0.150904;0.711181
2522668351;40.7475;-8.646194;-0.1509046;0.7111781
2522668352;40.74758;-8.646173;-0.1509042;0.7111794
2522668353;40.74741;-8.646221;-0.150905;0.7111765
2522668354;40.7471;-8.646371;-0.1509076;0.7111711
2522668355;40.74776;-8.646147;-0.1509037;0.7111827
2522668356;40.74798;-8.646144;-0.1509037;0.7111864
2522668357;40.74721;-8.646313;-0.1509066;0.711173
2522668358;40.74788;-8.646141;-0.1509036;0.7111847
1520839713;40.74819;-8.646182;-0.1509043;0.71119
1543965457;40.74813;-8.646166;-0.1509041;0.711189
2522668643;40.74787;-8.646122;-0.1509033;0.7111844
2522668646;40.74725;-8.646144;-0.1509037;0.7111737
2522668648;40.74742;-8.646125;-0.1509033;0.7111766
2522668650;40.74755;-8.646109;-0.1509031;0.7111789
2522668652;40.7473;-8.646147;-0.1509037;0.7111745
2522668654;40.74734;-8.646141;-0.1509036;0.7111753
2522668657;40.7472;-8.646131;-0.1509034;0.7111728
2522668659;40.74766;-8.646106;-0.150903;0.7111808
2522668661;40.74776;-8.646111;-0.1509031;0.7111826
2522668663;40.74749;-8.646114;-0.1509032;0.7111779
2522668082;40.74707;-8.646008;-0.1509013;0.7111705
2216195293;40.74701;-8.645723;-0.1508963;0.7111694
2216196072;40.74704;-8.645928;-0.1508999;0.71117
2522668910;40.74716;-8.646117;-0.1509032;0.7111722
2522668912;40.74712;-8.646095;-0.1509028;0.7111713
1543965512;40.75077;-8.644424;-0.1508737;0.711235
2216196185;40.75066;-8.643319;-0.1508544;0.7112331
2522676542;40.74954;-8.644749;-0.1508793;0.7112137
2522677357;40.75018;-8.646549;-0.1509108;0.7112249
2522677355;40.75011;-8.646651;-0.1509125;0.7112236
2522677356;40.75015;-8.646602;-0.1509117;0.7112243
2522677354;40.75021;-8.64649;-0.1509097;0.7112254
2522678378;40.75133;-8.647587;-0.1509289;0.7112448
1650134339;40.74474;-8.64705;-0.1509195;0.7111298
2523511287;40.74684;-8.646382;-0.1509078;0.7111666
2523511289;40.74651;-8.646337;-0.150907;0.7111607
2523511291;40.74657;-8.646339;-0.1509071;0.7111619
2523511294;40.74644;-8.646337;-0.150907;0.7111596
2523511295;40.74668;-8.646353;-0.1509073;0.7111637
2523511297;40.74675;-8.646361;-0.1509075;0.711165
2523511299;40.74634;-8.646333;-0.150907;0.7111578
2523511534;40.74691;-8.646399;-0.1509081;0.7111678
2523541165;40.75043;-8.650837;-0.1509856;0.7112292
2523522872;40.74442;-8.646534;-0.1509105;0.7111244
2523523692;40.74462;-8.646565;-0.150911;0.7111277
2523541402;40.75061;-8.64972;-0.1509661;0.7112324
2523525643;40.74822;-8.651358;-0.1509947;0.7111906
2523525644;40.74818;-8.651218;-0.1509922;0.7111899
2523525645;40.74809;-8.650964;-0.1509878;0.7111883
2523525646;40.74812;-8.651076;-0.1509898;0.7111889
2523525647;40.7481;-8.651017;-0.1509887;0.7111885
2523525648;40.74825;-8.651439;-0.1509961;0.7111911
2523525649;40.74807;-8.650894;-0.1509866;0.711188
2523525801;40.74806;-8.650221;-0.1509748;0.7111878
2523525803;40.74825;-8.649403;-0.1509605;0.7111911
2523525805;40.74829;-8.649287;-0.1509585;0.7111919
2523525807;40.74816;-8.649773;-0.150967;0.7111896
2523525809;40.74827;-8.64933;-0.1509593;0.7111915
2523525811;40.74822;-8.649494;-0.1509622;0.7111906
2523525813;40.74833;-8.649252;-0.1509579;0.7111924
2523527256;40.74767;-8.649338;-0.1509594;0.711181
2523527255;40.74772;-8.649303;-0.1509588;0.7111819
2523526940;40.74792;-8.649204;-0.1509571;0.7111853
2523526946;40.74788;-8.6492;-0.150957;0.7111847
2523526938;40.74845;-8.64917;-0.1509565;0.7111946
2523526939;40.74839;-8.649172;-0.1509565;0.7111935
2523526941;40.74783;-8.649185;-0.1509568;0.7111838
2523526942;40.74813;-8.649175;-0.1509566;0.711189
2523526943;40.7482;-8.649167;-0.1509564;0.7111903
2523526944;40.74831;-8.649167;-0.1509564;0.7111923
2523526945;40.74805;-8.649188;-0.1509568;0.7111876
1650134404;40.74778;-8.649164;-0.1509564;0.7111828
2523526989;40.74786;-8.649234;-0.1509576;0.7111843
2523526990;40.74781;-8.649252;-0.1509579;0.7111834
2523526992;40.74775;-8.649284;-0.1509585;0.7111824
2523527585;40.74678;-8.64948;-0.1509619;0.7111655
2523527586;40.74672;-8.649499;-0.1509622;0.7111644
2523527587;40.74687;-8.649465;-0.1509616;0.711167
2523527588;40.74734;-8.64944;-0.1509612;0.7111752
2523527589;40.74705;-8.649456;-0.1509615;0.7111701
2523527590;40.74745;-8.649384;-0.1509602;0.7111771
2523527591;40.74738;-8.649432;-0.1509611;0.7111759
2523527592;40.74742;-8.649414;-0.1509608;0.7111766
2523527593;40.74747;-8.649333;-0.1509593;0.7111776
2523527594;40.74748;-8.649293;-0.1509586;0.7111777
1650134363;40.74661;-8.649574;-0.1509635;0.7111625
1650134366;40.74667;-8.649523;-0.1509627;0.7111635
2523528146;40.74636;-8.649912;-0.1509694;0.7111582
2523528149;40.74618;-8.650103;-0.1509728;0.7111549
2523528152;40.74641;-8.649853;-0.1509684;0.7111591
2523528155;40.74656;-8.649633;-0.1509646;0.7111616
2523528158;40.74629;-8.64999;-0.1509708;0.711157
2523528163;40.74607;-8.650212;-0.1509747;0.711153
2523528166;40.74647;-8.64977;-0.150967;0.7111601
2523528169;40.74596;-8.65029;-0.150976;0.7111512
2523529659;40.74866;-8.651635;-0.1509995;0.7111982
2523529658;40.74873;-8.651663;-0.151;0.7111995
1543965467;40.74887;-8.651718;-0.151001;0.711202
1543965471;40.74897;-8.651737;-0.1510013;0.7112038
2523528161;40.7459;-8.650341;-0.1509769;0.7111502
2523528591;40.74688;-8.649792;-0.1509673;0.7111672
2523528592;40.74681;-8.650065;-0.1509721;0.711166
2523528593;40.74672;-8.650435;-0.1509786;0.7111644
2523528594;40.74678;-8.650175;-0.150974;0.7111655
2523528595;40.74696;-8.64946;-0.1509615;0.7111686
2523528616;40.74656;-8.65068;-0.1509828;0.7111617
2523528617;40.74669;-8.650508;-0.1509798;0.7111639
2523528618;40.74661;-8.650634;-0.150982;0.7111626
2523528619;40.74654;-8.650723;-0.1509836;0.7111612
2523528620;40.74666;-8.650567;-0.1509809;0.7111633
2523528621;40.74651;-8.650789;-0.1509847;0.7111608
2523528615;40.74647;-8.650884;-0.1509864;0.71116
2523528559;40.74656;-8.648775;-0.1509496;0.7111616
2523528560;40.74656;-8.648883;-0.1509515;0.7111616
2523528561;40.74657;-8.648738;-0.150949;0.7111619
2523528562;40.74655;-8.648815;-0.1509503;0.7111615
1650134362;40.74658;-8.64924;-0.1509577;0.711162
2523529065;40.74755;-8.649395;-0.1509604;0.7111788
2523529471;40.74744;-8.649426;-0.150961;0.7111771
2523529071;40.74757;-8.649385;-0.1509603;0.7111793
2523529070;40.74751;-8.649412;-0.1509607;0.7111781
2523529062;40.7479;-8.650301;-0.1509762;0.711185
2523529063;40.74786;-8.650215;-0.1509747;0.7111843
2523529064;40.74766;-8.649701;-0.1509658;0.7111809
1650134406;40.74797;-8.650395;-0.1509779;0.7111862
1650134403;40.74794;-8.65036;-0.1509773;0.7111857
2523531481;40.74843;-8.651874;-0.1510037;0.7111942
2523531485;40.74853;-8.651918;-0.1510045;0.7111961
2523531487;40.74829;-8.651779;-0.151002;0.7111918
2523531490;40.7485;-8.651918;-0.1510045;0.7111956
2523531493;40.74827;-8.651755;-0.1510016;0.7111914
2218852593;40.75;-8.652727;-0.1510186;0.7112217
2218852581;40.74961;-8.653249;-0.1510277;0.7112149
2218852797;40.74984;-8.652607;-0.1510165;0.7112189
2523530938;40.74865;-8.651874;-0.1510037;0.711198
2523530940;40.7483;-8.651508;-0.1509973;0.7111921
2523530941;40.74824;-8.651594;-0.1509988;0.7111909
2523530943;40.74834;-8.651505;-0.1509973;0.7111927
2523530944;40.74862;-8.651892;-0.151004;0.7111975
2523530946;40.74827;-8.651525;-0.1509976;0.7111914
2523530949;40.74825;-8.651556;-0.1509981;0.7111911
2523530950;40.74825;-8.651731;-0.1510012;0.7111912
2523530952;40.74857;-8.651911;-0.1510043;0.7111967
2523530953;40.74824;-8.651683;-0.1510004;0.7111909
2523530955;40.74863;-8.651621;-0.1509993;0.7111979
2523530957;40.74823;-8.65164;-0.1509996;0.7111908
2523530958;40.7487;-8.651758;-0.1510017;0.711199
2523530960;40.74839;-8.651519;-0.1509975;0.7111935
2523530961;40.7487;-8.651801;-0.1510024;0.711199
2523530965;40.74868;-8.651841;-0.1510031;0.7111986
2523532362;40.74866;-8.652159;-0.1510087;0.7111984
2523532359;40.74854;-8.651958;-0.1510052;0.7111962
2523532361;40.74857;-8.652004;-0.151006;0.7111967
2523532364;40.74882;-8.652385;-0.1510126;0.7112011
2523532365;40.74876;-8.652297;-0.1510111;0.7112001
2523525642;40.74826;-8.651481;-0.1509968;0.7111913
1498104012;40.74892;-8.652487;-0.1510144;0.7112027
2523535888;40.74822;-8.651714;-0.1510009;0.7111906
2523537256;40.74915;-8.651765;-0.1510018;0.7112069
2523539819;40.74868;-8.651826;-0.1510029;0.7111987
2523540020;40.74861;-8.651924;-0.1510046;0.7111974
2523540021;40.74864;-8.651879;-0.1510038;0.7111979
2523540023;40.7486;-8.651958;-0.1510051;0.7111972
2523540024;40.74858;-8.652001;-0.1510059;0.711197
2523540282;40.74859;-8.65204;-0.1510066;0.711197
2523539731;40.7488;-8.651736;-0.1510013;0.7112008
2523539732;40.74873;-8.651785;-0.1510021;0.7111995
2523539735;40.74877;-8.651755;-0.1510016;0.7112002
2523541058;40.75065;-8.650289;-0.150976;0.7112331
2523541061;40.75072;-8.650441;-0.1509787;0.7112343
2523540739;40.75056;-8.650835;-0.1509856;0.7112315
2523540737;40.75062;-8.650687;-0.150983;0.7112325
2523541363;40.75068;-8.648537;-0.1509454;0.7112335
2523541364;40.75072;-8.648501;-0.1509448;0.7112343
2523541365;40.75042;-8.649185;-0.1509568;0.711229
2523541366;40.75097;-8.648643;-0.1509473;0.7112385
2523541367;40.75098;-8.648665;-0.1509477;0.7112388
2523541368;40.75064;-8.64965;-0.1509649;0.7112329
2523541369;40.751;-8.6487;-0.1509483;0.711239
2523541370;40.75043;-8.649142;-0.150956;0.7112292
2523541371;40.75078;-8.648515;-0.1509451;0.7112353
2523541372;40.751;-8.648735;-0.1509489;0.7112391
2523541373;40.75099;-8.648775;-0.1509496;0.7112389
2523541374;40.75075;-8.648501;-0.1509448;0.7112348
2523541375;40.75073;-8.649431;-0.1509611;0.7112344
2523541376;40.75043;-8.649225;-0.1509575;0.7112292
2523541377;40.75046;-8.649253;-0.1509579;0.7112297
2523541378;40.7507;-8.648509;-0.150945;0.7112339
3597350054;40.74527;-8.65243;-0.1510134;0.7111392
3597350061;40.75151;-8.655971;-0.1510752;0.711248
2216196089;40.74693;-8.645951;-0.1509003;0.7111681
2216198489;40.74936;-8.645442;-0.1508914;0.7112105
2221934751;40.75109;-8.655624;-0.1510691;0.7112408
2221983339;40.75009;-8.647109;-0.1509205;0.7112232
2221983521;40.74906;-8.646483;-0.1509096;0.7112053
2221983534;40.75002;-8.647072;-0.1509199;0.7112219
2522687278;40.74885;-8.651713;-0.1510009;0.7112015
2565556623;40.7508;-8.655376;-0.1510648;0.7112356