1498104024;40.75034;-8.654981;-0.1510579;0.7112276
2565612233;40.74998;-8.652006;-0.151006;0.7112213
2565612237;40.74994;-8.65188;-0.1510038;0.7112206
2566890211;40.74863;-8.6501;-0.1509727;0.7111977
2566892290;40.74771;-8.649822;-0.1509679;0.7111816
2566892291;40.7475;-8.650265;-0.1509756;0.711178
2566898621;40.74762;-8.649585;-0.1509637;0.7111802
2566898622;40.74749;-8.649284;-0.1509585;0.7111779
2566898623;40.74769;-8.64909;-0.1509551;0.7111813
2566898624;40.74751;-8.649092;-0.1509551;0.7111782
2566898625;40.74748;-8.649024;-0.1509539;0.7111777
2566898626;40.74753;-8.649037;-0.1509542;0.7111785
2566898627;40.74744;-8.649081;-0.1509549;0.7111769
2523529061;40.74758;-8.649485;-0.150962;0.7111794
1650134398;40.74771;-8.649133;-0.1509558;0.7111817
1650134399;40.74772;-8.649187;-0.1509568;0.7111819
1650134400;40.74772;-8.649244;-0.1509578;0.7111819
1650134397;40.7477;-8.649297;-0.1509587;0.7111816
1650134395;40.74764;-8.649363;-0.1509598;0.7111804
1650134387;40.7476;-8.649371;-0.15096;0.7111798
1650134385;40.74756;-8.649364;-0.1509599;0.7111791
1650134382;40.74753;-8.649343;-0.1509595;0.7111785
1650134379;40.74751;-8.649317;-0.1509591;0.7111781
1650134376;40.74748;-8.649247;-0.1509578;0.7111776
1650134371;40.74747;-8.649192;-0.1509569;0.7111776
1650134378;40.74749;-8.649137;-0.1509559;0.7111778
1650134380;40.74738;-8.648989;-0.1509533;0.7111759
1650134383;40.74754;-8.64906;-0.1509546;0.7111787
1650134386;40.74758;-8.649043;-0.1509543;0.7111794
1650134392;40.74762;-8.649043;-0.1509543;0.7111802
1650134396;40.74765;-8.649059;-0.1509546;0.7111807
2566904025;40.74804;-8.651651;-0.1509998;0.7111874
2566904027;40.74811;-8.651661;-0.151;0.7111887
2523530947;40.7487;-8.651689;-0.1510005;0.7111989
2566926087;40.7477;-8.651937;-0.1510048;0.7111816
2566926088;40.74833;-8.651804;-0.1510025;0.7111924
2566926091;40.74823;-8.652364;-0.1510122;0.7111907
2566929886;40.74818;-8.651693;-0.1510005;0.71119
2566929888;40.74805;-8.652132;-0.1510082;0.7111877
2566934367;40.7476;-8.651567;-0.1509983;0.7111798
2566934369;40.7475;-8.652199;-0.1510094;0.711178
2566934612;40.74731;-8.651505;-0.1509972;0.7111748
2566934613;40.74726;-8.651742;-0.1510014;0.711174
2566934614;40.74722;-8.65184;-0.1510031;0.7111731
2566934615;40.7472;-8.651932;-0.1510047;0.7111728
2566934616;40.74718;-8.652094;-0.1510075;0.7111725
2566941912;40.74729;-8.6515;-0.1509972;0.7111744
2566941913;40.74738;-8.651185;-0.1509917;0.7111759
2566941914;40.74742;-8.651097;-0.1509901;0.7111766
2566941915;40.74752;-8.651165;-0.1509913;0.7111783
2566945558;40.74558;-8.650138;-0.1509734;0.7111446
2567029785;40.74667;-8.651532;-0.1509977;0.7111635
2567029787;40.74672;-8.651099;-0.1509902;0.7111644
2567029790;40.74683;-8.650873;-0.1509862;0.7111663
2567029792;40.74694;-8.650617;-0.1509817;0.7111683
2567030036;40.74682;-8.650698;-0.1509832;0.7111662
2567030038;40.74689;-8.650743;-0.150984;0.7111673
2567030040;40.74703;-8.650826;-0.1509854;0.7111698
2567030041;40.7471;-8.650857;-0.1509859;0.7111711
2567068322;40.74362;-8.652539;-0.1510153;0.7111103
2567082773;40.74541;-8.650479;-0.1509793;0.7111416
2523523999;40.74458;-8.646933;-0.1509174;0.711127
1498103983;40.74171;-8.647007;-0.1509187;0.711077
1498103984;40.74216;-8.647433;-0.1509262;0.7110849
1498103990;40.74247;-8.647792;-0.1509324;0.7110901
1498103992;40.7429;-8.648451;-0.1509439;0.7110978
1498103982;40.74133;-8.646785;-0.1509149;0.7110704
1498104001;40.74583;-8.650261;-0.1509755;0.7111489
1498104006;40.74669;-8.651062;-0.1509895;0.7111639
1498104008;40.74693;-8.651421;-0.1509958;0.711168
1498104022;40.75;-8.654421;-0.1510481;0.7112217
1498104010;40.74817;-8.651683;-0.1510004;0.7111896
1498104018;40.74969;-8.653611;-0.151034;0.7112163
1498104016;40.74957;-8.653172;-0.1510264;0.7112141
1498104014;40.74901;-8.652581;-0.151016;0.7112043
2567755284;40.73793;-8.640509;-0.1508053;0.7110109
2567755287;40.73788;-8.64043;-0.150804;0.7110102
1520839656;40.73781;-8.640302;-0.1508017;0.7110089
1520839657;40.73835;-8.641258;-0.1508184;0.7110183
1520839660;40.73986;-8.64431;-0.1508717;0.7110448
1520839661;40.74028;-8.644696;-0.1508784;0.7110519
1520839665;40.74123;-8.646224;-0.1509051;0.7110687
1520839680;40.74338;-8.648932;-0.1509524;0.7111062
1520883582;40.73928;-8.643131;-0.1508511;0.7110346
1520883603;40.73951;-8.643593;-0.1508591;0.7110386
1520883665;40.74053;-8.651885;-0.1510039;0.7110564
1520883673;40.74076;-8.652211;-0.1510096;0.7110604
1520883687;40.7408;-8.645534;-0.150893;0.7110611
1520883694;40.74088;-8.652291;-0.151011;0.7110626
1520883716;40.74152;-8.652446;-0.1510137;0.7110736
1520883721;40.7438;-8.652534;-0.1510152;0.7111135
1520883719;40.7428;-8.652557;-0.1510156;0.711096
1520883723;40.74423;-8.652607;-0.1510165;0.711121
1520883725;40.74538;-8.652373;-0.1510124;0.711141
1520883727;40.74572;-8.651842;-0.1510031;0.711147
1520883729;40.74642;-8.651587;-0.1509987;0.7111592
1543965461;40.74802;-8.650526;-0.1509802;0.7111871
1543965460;40.74803;-8.650372;-0.1509775;0.7111873
1543965462;40.74804;-8.650658;-0.1509825;0.7111874
1543965468;40.74836;-8.649218;-0.1509573;0.711193
1543965473;40.7495;-8.6486;-0.1509465;0.7112129
1543965474;40.74972;-8.648376;-0.1509426;0.7112167
1543965481;40.75003;-8.647223;-0.1509225;0.7112221
1650134335;40.74409;-8.649346;-0.1509596;0.7111185
1650134355;40.74594;-8.650394;-0.1509779;0.7111508
1650134340;40.74529;-8.647461;-0.1509267;0.7111395
1650134343;40.74583;-8.651745;-0.1510014;0.7111489
1650134344;40.74583;-8.65146;-0.1509965;0.711149
1650134347;40.74585;-8.647865;-0.1509337;0.7111493
1650134349;40.74589;-8.650768;-0.1509844;0.71115
1650134358;40.74621;-8.650716;-0.1509835;0.7111555
1650134361;40.74645;-8.648311;-0.1509415;0.7111597
1650134365;40.7467;-8.648493;-0.1509447;0.7111641
1650134367;40.74706;-8.648747;-0.1509491;0.7111704
1650134407;40.74802;-8.650443;-0.1509787;0.7111871
1498103994;40.74355;-8.649084;-0.150955;0.711109
1498104003;40.74598;-8.650479;-0.1509793;0.7111515
2573728549;40.7482;-8.651634;-0.1509995;0.7111903
2582017738;40.74964;-8.648483;-0.1509445;0.7112153
2216195346;40.74781;-8.652098;-0.1510076;0.7111834
2216195362;40.74176;-8.647054;-0.1509196;0.7110779
2216195423;40.74775;-8.653393;-0.1510302;0.7111824
2216195430;40.74619;-8.651773;-0.1510019;0.7111552
2216195434;40.74781;-8.652884;-0.1510213;0.7111835
2216195453;40.74788;-8.652503;-0.1510147;0.7111847
2216195386;40.74779;-8.653135;-0.1510257;0.7111831
2216195479;40.74535;-8.648769;-0.1509495;0.7111405
2216195509;40.74784;-8.652713;-0.1510183;0.711184
2216195549;40.74612;-8.652843;-0.1510206;0.711154
2216195517;40.74789;-8.65163;-0.1509994;0.7111849
2216195573;40.74615;-8.65231;-0.1510113;0.7111546
2216195615;40.74237;-8.647685;-0.1509306;0.7110886
2216195636;40.74557;-8.648732;-0.1509489;0.7111444
2216195645;40.74783;-8.651942;-0.1510049;0.7111837
2216195646;40.74549;-8.64871;-0.1509485;0.7111429
2216195669;40.74472;-8.649501;-0.1509623;0.7111295
2216195729;40.74779;-8.653114;-0.1510253;0.7111831
2216195736;40.74774;-8.653522;-0.1510324;0.7111822
2216195846;40.74511;-8.649035;-0.1509541;0.7111364
2216195842;40.74931;-8.652904;-0.1510217;0.7112096
2216195862;40.74787;-8.651717;-0.1510009;0.7111845
2216195896;40.74519;-8.648952;-0.1509527;0.7111377
2216195857;40.74784;-8.651833;-0.151003;0.711184
2216195938;40.74619;-8.652012;-0.1510061;0.7111551
2216195970;40.74619;-8.651649;-0.1509998;0.7111552
2216196018;40.7478;-8.652181;-0.151009;0.7111832
2216196016;40.74787;-8.652244;-0.1510101;0.7111844
2216196028;40.74118;-8.646147;-0.1509037;0.7110678
2216196105;40.74757;-8.652365;-0.1510123;0.7111793
2216196153;40.74777;-8.652182;-0.1510091;0.7111827
2216196160;40.74613;-8.652793;-0.1510197;0.7111541
2216196125;40.74759;-8.652234;-0.15101;0.7111796
2216196136;40.74974;-8.653813;-0.1510375;0.7112172
2216196271;40.74777;-8.653273;-0.1510281;0.7111827
2216196316;40.74541;-8.648719;-0.1509486;0.7111416
2216196390;40.74792;-8.652333;-0.1510117;0.7111855
2216196395;40.74762;-8.652229;-0.1510099;0.7111802
2216196410;40.74767;-8.652204;-0.1510094;0.711181
2216196456;40.74773;-8.652181;-0.151009;0.711182
2216196422;40.74793;-8.652276;-0.1510107;0.7111855
2216196532;40.74615;-8.652519;-0.151015;0.7111545
2216196505;40.74496;-8.64959;-0.1509638;0.7111337
2216198476;40.74999;-8.64736;-0.1509249;0.7112215
2218852552;40.74474;-8.652504;-0.1510147;0.7111298
2218852575;40.74188;-8.652478;-0.1510142;0.71108
2522654432;40.749;-8.648867;-0.1509512;0.7112043
1498103998;40.74487;-8.649562;-0.1509633;0.7111322
1498104000;40.74528;-8.649921;-0.1509696;0.7111393
1650134339;40.74474;-8.64705;-0.1509195;0.7111298
2523525643;40.74822;-8.651358;-0.1509947;0.7111906
2523525644;40.74818;-8.651218;-0.1509922;0.7111899
2523525645;40.74809;-8.650964;-0.1509878;0.7111883
2523525646;40.74812;-8.651076;-0.1509898;0.7111889
2523525647;40.7481;-8.651017;-0.1509887;0.7111885
2523525648;40.74825;-8.651439;-0.1509961;0.7111911
2523525649;40.74807;-8.650894;-0.1509866;0.711188
2523525801;40.74806;-8.650221;-0.1509748;0.7111878
2523525803;40.74825;-8.649403;-0.1509605;0.7111911
2523525805;40.74829;-8.649287;-0.1509585;0.7111919
2523525807;40.74816;-8.649773;-0.150967;0.7111896
2523525809;40.74827;-8.64933;-0.1509593;0.7111915
2523525811;40.74822;-8.649494;-0.1509622;0.7111906
2523525813;40.74833;-8.649252;-0.1509579;0.7111924
2523527256;40.74767;-8.649338;-0.1509594;0.711181
2523527255;40.74772;-8.649303;-0.1509588;0.7111819
2523526940;40.74792;-8.649204;-0.1509571;0.7111853
2523526946;40.74788;-8.6492;-0.150957;0.7111847
2523526938;40.74845;-8.64917;-0.1509565;0.7111946
2523526939;40.74839;-8.649172;-0.1509565;0.7111935
2523526941;40.74783;-8.649185;-0.1509568;0.7111838
2523526942;40.74813;-8.649175;-0.1509566;0.711189
2523526943;40.7482;-8.649167;-0.1509564;0.7111903
2523526944;40.74831;-8.649167;-0.1509564;0.7111923
2523526945;40.74805;-8.649188;-0.1509568;0.7111876
1650134404;40.74778;-8.649164;-0.1509564;0.7111828
2523526989;40.74786;-8.649234;-0.1509576;0.7111843
2523526990;40.74781;-8.649252;-0.1509579;0.7111834
2523526992;40.74775;-8.649284;-0.1509585;0.7111824
2523527585;40.74678;-8.64948;-0.1509619;0.7111655
2523527586;40.74672;-8.649499;-0.1509622;0.7111644
2523527587;40.74687;-8.649465;-0.1509616;0.711167
2523527588;40.74734;-8.64944;-0.1509612;0.7111752
2523527589;40.74705;-8.649456;-0.1509615;0.7111701
2523527590;40.74745;-8.649384;-0.1509602;0.7111771
2523527591;40.74738;-8.649432;-0.1509611;0.7111759
2523527592;40.74742;-8.649414;-0.1509608;0.7111766
2523527593;40.74747;-8.649333;-0.1509593;0.7111776
2523527594;40.74748;-8.649293;-0.1509586;0.7111777
1650134363;40.74661;-8.649574;-0.1509635;0.7111625
1650134366;40.74667;-8.649523;-0.1509627;0.7111635
2523528146;40.74636;-8.649912;-0.1509694;0.7111582
2523528149;40.74618;-8.650103;-0.1509728;0.7111549
2523528152;40.74641;-8.649853;-0.1509684;0.7111591
2523528155;40.74656;-8.649633;-0.1509646;0.7111616
2523528158;40.74629;-8.64999;-0.1509708;0.711157
2523528163;40.74607;-8.650212;-0.1509747;0.711153
2523528166;40.74647;-8.64977;-0.150967;0.7111601
2523528169;40.74596;-8.65029;-0.150976;0.7111512
2523529659;40.74866;-8.651635;-0.1509995;0.7111982
2523529658;40.74873;-8.651663;-0.151;0.7111995
1543965467;40.74887;-8.651718;-0.151001;0.711202
1543965471;40.74897;-8.651737;-0.1510013;0.7112038
2523528161;40.7459;-8.650341;-0.1509769;0.7111502
2523528591;40.74688;-8.649792;-0.1509673;0.7111672
2523528592;40.74681;-8.650065;-0.1509721;0.711166
2523528593;40.74672;-8.650435;-0.1509786;0.7111644
2523528594;40.74678;-8.650175;-0.150974;0.7111655
2523528595;40.74696;-8.64946;-0.1509615;0.7111686
2523528616;40.74656;-8.65068;-0.1509828;0.7111617
2523528617;40.74669;-8.650508;-0.1509798;0.7111639
2523528618;40.74661;-8.650634;-0.150982;0.7111626
2523528619;40.74654;-8.650723;-0.1509836;0.7111612
2523528620;40.74666;-8.650567;-0.1509809;0.7111633
2523528621;40.74651;-8.650789;-0.1509847;0.7111608
2523528615;40.74647;-8.650884;-0.1509864;0.71116
2523528559;40.74656;-8.648775;-0.1509496;0.7111616
2523528560;40.74656;-8.648883;-0.1509515;0.7111616
2523528561;40.74657;-8.648738;-0.150949;0.7111619
2523528562;40.74655;-8.648815;-0.1509503;0.7111615
1650134362;40.74658;-8.64924;-0.1509577;0.711162
2523529065;40.74755;-8.649395;-0.1509604;0.7111788
2523529471;40.74744;-8.649426;-0.150961;0.7111771
2523529071;40.74757;-8.649385;-0.1509603;0.7111793
2523529070;40.74751;-8.649412;-0.1509607;0.7111781
2523529062;40.7479;-8.650301;-0.1509762;0.711185
2523529063;40.74786;-8.650215;-0.1509747;0.7111843
2523529064;40.74766;-8.649701;-0.1509658;0.7111809
1650134406;40.74797;-8.650395;-0.1509779;0.7111862
1650134403;40.74794;-8.65036;-0.1509773;0.7111857
2523531481;40.74843;-8.651874;-0.1510037;0.7111942
2523531485;40.74853;-8.651918;-0.1510045;0.7111961
2523531487;40.74829;-8.651779;-0.151002;0.7111918
2523531490;40.7485;-8.651918;-0.1510045;0.7111956
2523531493;40.74827;-8.651755;-0.1510016;0.7111914
2218852581;40.74961;-8.653249;-0.1510277;0.7112149
2523530938;40.74865;-8.651874;-0.1510037;0.711198
2523530940;40.7483;-8.651508;-0.1509973;0.7111921
2523530941;40.74824;-8.651594;-0.1509988;0.7111909
2523530943;40.74834;-8.651505;-0.1509973;0.7111927
2523530944;40.74862;-8.651892;-0.151004;0.7111975
2523530946;40.74827;-8.651525;-0.1509976;0.7111914
2523530949;40.74825;-8.651556;-0.1509981;0.7111911
2523530950;40.74825;-8.651731;-0.1510012;0.7111912
2523530952;40.74857;-8.651911;-0.1510043;0.7111967
2523530953;40.74824;-8.651683;-0.1510004;0.7111909
2523530955;40.74863;-8.651621;-0.1509993;0.7111979
2523530957;40.74823;-8.65164;-0.1509996;0.7111908
2523530958;40.7487;-8.651758;-0.1510017;0.711199
2523530960;40.74839;-8.651519;-0.1509975;0.7111935
2523530961;40.7487;-8.651801;-0.1510024;0.711199
2523530965;40.74868;-8.651841;-0.1510031;0.7111986
2523532362;40.74866;-8.652159;-0.1510087;0.7111984
2523532359;40.74854;-8.651958;-0.1510052;0.7111962
2523532361;40.74857;-8.652004;-0.151006;0.7111967
2523532364;40.74882;-8.652385;-0.1510126;0.7112011
2523532365;40.74876;-8.652297;-0.1510111;0.7112001
2523525642;40.74826;-8.651481;-0.1509968;0.7111913
1498104012;40.74892;-8.652487;-0.1510144;0.7112027
2523535888;40.74822;-8.651714;-0.1510009;0.7111906
2523537256;40.74915;-8.651765;-0.1510018;0.7112069
2523539819;40.74868;-8.651826;-0.1510029;0.7111987
2523540020;40.74861;-8.651924;-0.1510046;0.7111974
2523540021;40.74864;-8.651879;-0.1510038;0.7111979
2523540023;40.7486;-8.651958;-0.1510051;0.7111972
2523540024;40.74858;-8.652001;-0.1510059;0.711197
2523540282;40.74859;-8.65204;-0.1510066;0.711197
2523539731;40.7488;-8.651736;-0.1510013;0.7112008
2523539732;40.74873;-8.651785;-0.1510021;0.7111995
2523539735;40.74877;-8.651755;-0.1510016;0.7112002
3597350054;40.74527;-8.65243;-0.1510134;0.7111392
2522687278;40.74885;-8.651713;-0.1510009;0.7112015