250034939;1498104024;1498104022;
250034939;1498104022;2216196136;
250034939;2216196136;1498104018;
250034939;1498104018;2218852581;
250034939;2218852581;1498104016;
250034939;1498104016;2216195842;
250034939;2216195842;1498104014;
250034939;1498104014;1498104012;
250034939;1498104012;2523532364;
250034939;2523532364;2523532365;
250034939;2523532365;2523532362;
250034939;2523532362;2523540282;
250200735;2566892290;2566892291;
250200430;2523525807;2566890211;
250201428;2523526940;2523526945;
250201428;2523526945;2523526942;
250201428;2523526942;2523526943;
250201428;2523526943;2523526944;
250201428;2523526944;2523526939;
250201428;2523526939;2523526938;
250201437;1650134380;2566898625;
250201437;2566898625;2566898626;
250201437;2566898626;1650134386;
250201439;1650134371;2566898627;
250201439;2566898627;1650134380;
250202782;2523529659;2523529658;
250202782;2523529658;2522687278;
250202783;2523540282;2523532361;
250202783;2523532361;2523532359;
250202783;2523532359;2523531490;
250207699;2566941912;2566941913;
250207699;2566941913;2566941914;
250207699;2566941914;2566941915;
250205654;2216196456;2566926087;
250205656;2566926091;2216196422;
250206717;2566934367;2566934369;
250206947;2566934612;2566934613;
250206947;2566934613;2566934614;
250206947;2566934614;2566934615;
250206947;2566934615;2566934616;
250208255;2566945558;1498104000;
250208255;1498104000;2216196505;
250208255;2216196505;1498103998;
250208255;1498103998;2216195669;
250208255;2216195669;1650134335;
250208255;1650134335;1498103994;
250208255;1498103994;1520839680;
250208255;1520839680;1498103992;
250208255;1498103992;1498103990;
250208255;1498103990;2216195615;
250208255;2216195615;1498103984;
250208255;1498103984;2216195362;
250208255;2216195362;1498103983;
250208255;1498103983;1498103982;
250208255;1498103982;1520839665;
250208255;1520839665;2216196028;
250208255;2216196028;1520883687;
250208255;1520883687;1520839661;
250208255;1520839661;1520839660;
250208255;1520839660;1520883603;
250208255;1520883603;1520883582;
250208255;1520883582;1520839657;
250208255;1520839657;2567755284;
250208255;2567755284;2567755287;
250208255;2567755287;1520839656;
250208286;1498104008;2567029787;
250208286;2567029787;1498104006;
250208286;1498104006;2523528615;
250208286;2523528615;1650134358;
250208286;1650134358;1498104003;
250208286;1498104003;1650134355;
250208286;1650134355;2523528161;
250208286;2523528161;1498104001;
250208286;1498104001;2566945558;
250220058;2567029787;2567029790;
250220058;2567029790;2567030038;
250220058;2567030038;2567029792;
250220154;2567030036;2567030038;
250220154;2567030038;2567030040;
250220154;2567030040;2567030041;
250201430;2523527591;2523527588;
250201430;2523527588;2523527589;
250201430;2523527589;2523528595;
250201430;2523528595;2523527587;
250201430;2523527587;2523527585;
250201430;2523527585;2523527586;
250201430;2523527586;1650134366;
250201430;1650134366;1650134363;
250201430;1650134363;2523528155;
250201430;2523528155;2523528166;
250201430;2523528166;2523528152;
250201430;2523528152;2523528146;
250201430;2523528146;2523528158;
250201430;2523528158;2523528149;
250201430;2523528149;2523528163;
250201430;2523528163;2523528169;
250201430;2523528169;2523528161;
250225707;2523523999;1650134339;
250225707;1650134339;1650134340;
250225707;1650134340;1650134347;
250225707;1650134347;1650134361;
250225707;1650134361;1650134365;
250225707;1650134365;1650134367;
250225707;1650134367;1650134380;
250226328;2566945558;2567082773;
250226825;2216195846;2216195896;
250226825;2216195896;2216195479;
250226825;2216195479;2216196316;
250226825;2216196316;2216195646;
250226825;2216195646;2216195636;
152179141;1650134343;1650134344;
152179141;1650134344;1650134349;
152179141;1650134349;1650134355;
251085067;2566904027;2573728549;
251085067;2573728549;2523530941;
251085071;2566929886;2573728549;
250206236;2566929888;2566929886;
251085069;2523529065;2523529070;
251085069;2523529070;2523529471;
251085069;2523529471;2523527591;
211636116;2216195517;2216195862;
211636116;2216195862;2216195857;
211636116;2216195857;2216195645;
211636116;2216195645;2216195346;
211636116;2216195346;2216196018;
211636116;2216196018;2216196016;
211636116;2216196016;2216196422;
211636116;2216196422;2216196390;
211636116;2216196390;2216195453;
211636116;2216195453;2216195509;
211636116;2216195509;2216195434;
211636116;2216195434;2216195729;
211636116;2216195729;2216195386;
211636116;2216195386;2216196271;
211636116;2216196271;2216195423;
211636116;2216195423;2216195736;
211636141;2216196018;2216196153;
211636141;2216196153;2216196456;
211636141;2216196456;2216196410;
211636141;2216196410;2216196395;
211636141;2216196395;2216196125;
211636141;2216196125;2216196105;
211636097;2216195549;2216196160;
211636097;2216196160;2216196532;
211636097;2216196532;2216195573;
211636097;2216195573;2216195938;
211636097;2216195938;2216195430;
211636097;2216195430;2216195970;
245104172;2523527591;2523527592;
245104172;2523527592;2523527590;
245104172;2523527590;2523527593;
245104172;2523527593;2523527594;
245104172;2523527594;1650134376;
245104094;2523526940;2523526989;
245104094;2523526989;2523526990;
245104094;2523526990;2523526992;
245104094;2523526992;2523527255;
245104094;2523527255;2523527256;
152179135;1650134383;1650134386;
152179135;1650134386;1650134392;
152179135;1650134392;1650134396;
152179135;1650134396;2566898623;
152179135;2566898623;1650134398;
152179135;1650134398;1650134399;
152179135;1650134399;1650134400;
152179135;1650134400;1650134397;
152179135;1650134397;2523527256;
152179135;2523527256;1650134395;
152179135;1650134395;1650134387;
152179135;1650134387;1650134385;
152179135;1650134385;1650134382;
152179135;1650134382;1650134379;
152179135;1650134379;2566898622;
152179135;2566898622;1650134376;
152179135;1650134376;1650134371;
152179135;1650134371;1650134378;
152179135;1650134378;2566898624;
152179135;2566898624;1650134383;
152179139;1650134398;1650134404;
152179139;1650134404;2523526941;
152179139;2523526941;2523526946;
152179139;2523526946;2523526940;
245103931;1543965468;2523526938;
245103931;2523526938;2522654432;
245103931;2522654432;1543965473;
245103931;1543965473;2582017738;
245103931;2582017738;1543965474;
245103931;1543965474;2216198476;
245103931;2216198476;1543965481;
245104944;2522687278;2523539731;
245104944;2523539731;2523539735;
245104944;2523539735;2523539732;
245104944;2523539732;2523539819;
245104448;1650134387;2523529071;
245104448;2523529071;2523529065;
245104355;1650134365;2523528561;
245104355;2523528561;2523528559;
245104355;2523528559;2523528562;
245104355;2523528562;2523528560;
245104355;2523528560;1650134362;
245104355;1650134362;1650134363;
245103876;2523530946;2523525642;
245103876;2523525642;2523525648;
245103876;2523525648;2523525643;
245103876;2523525643;2523525644;
245103876;2523525644;2523525646;
245103876;2523525646;2523525647;
245103876;2523525647;2523525645;
245103876;2523525645;2523525649;
245103876;2523525649;1543965462;
245103876;1543965462;1543965461;
245103876;1543965461;1650134407;
245103876;1650134407;1543965460;
245103876;1543965460;2523525801;
245103876;2523525801;2523525807;
245103876;2523525807;2523525811;
245103876;2523525811;2523525803;
245103876;2523525803;2523525809;
245103876;2523525809;2523525805;
245103876;2523525805;2523525813;
245103876;2523525813;1543965468;
245104362;2523528615;2523528621;
245104362;2523528621;2523528619;
245104362;2523528619;2523528616;
245104362;2523528616;2523528618;
245104362;2523528618;2523528620;
245104362;2523528620;2523528617;
245104362;2523528617;2523528593;
245104362;2523528593;2523528594;
245104362;2523528594;2523528592;
245104362;2523528592;2523528591;
245104362;2523528591;2523528595;
245104446;1650134407;1650134406;
245104446;1650134406;1650134403;
245104446;1650134403;2523529062;
245104446;2523529062;2523529063;
245104446;2523529063;2566892290;
245104446;2566892290;2523529064;
245104446;2523529064;2566898621;
245104446;2566898621;2523529061;
245104446;2523529061;2523529065;
245104446;2523529065;1650134382;
245104610;2523530950;2523530953;
245104610;2523530953;2523530957;
245104610;2523530957;2523530941;
245104610;2523530941;2523530949;
245104610;2523530949;2523530946;
245104610;2523530946;2523530940;
245104610;2523530940;2523530943;
245104610;2523530943;2523530960;
245104610;2523530960;2523530955;
245104610;2523530955;2523529659;
245104610;2523529659;2523530947;
245104610;2523530947;2523530958;
245104610;2523530958;2523530961;
245104610;2523530961;2523539819;
245104610;2523539819;2523530965;
245104610;2523530965;2523530938;
245104610;2523530938;2523540021;
245104610;2523540021;2523530944;
245104610;2523530944;2523530952;
245104610;2523530952;2523531485;
245104610;2523531485;2523531490;
245104610;2523531490;2523531481;
245104610;2523531481;2566926088;
245104610;2566926088;2523531487;
245104610;2523531487;2523531493;
245104610;2523531493;2523530950;
245104949;2523540021;2523540020;
245104949;2523540020;2523540023;
245104949;2523540023;2523540024;
245104949;2523540024;2523540282;
245104622;2523531493;2523535888;
245104622;2523535888;2566929886;
251085061;2566929886;1498104010;
251085061;1498104010;2566904027;
251085062;2566904027;2566904025;
251085062;2566904025;2216195517;
251085062;2216195517;2566934367;
251085062;2566934367;2566934612;
251085062;2566934612;2566941912;
251085062;2566941912;1498104008;
250039958;2565612233;2565612237;
250039958;2565612237;2523537256;
250039958;2523537256;1543965471;
250039958;1543965471;1543965467;
250039958;1543965467;2522687278;
138702778;1498104008;2567029785;
138702778;2567029785;1520883729;
138702778;1520883729;2216195970;
138702778;2216195970;1650134343;
138702778;1650134343;1520883727;
138702778;1520883727;1520883725;
138702778;1520883725;3597350054;
138702778;3597350054;2218852552;
138702778;2218852552;1520883723;
138702778;1520883723;1520883721;
138702778;1520883721;2567068322;
138702778;2567068322;1520883719;
138702778;1520883719;2218852575;
138702778;2218852575;1520883716;
138702778;1520883716;1520883694;
138702778;1520883694;1520883673;
138702778;1520883673;1520883665;